1
1.208
0.80874
0.814308
0.81904
0.823756
0.828452
0.83313
0.837789
0.84243
0.847053
0.851657
0.856243
0.860811
0.86536
0.869892
0.874406
0.878902
0.88338
0.887841
0.892283
0.896708
0.901116
0.905506
0.909879
0.914235
0.918573
0.922894
0.927198
0.931485
0.935755
0.940008
0.944244
0.948464
0.952667
0.956853
0.961022
0.965175
0.969312
0.973432
0.977536
0.981624
0.985695
0.989751
0.99379
0.997813
1.00182
1.00581
1.00979
1.01375
1.01769
1.02162
1.02553
1.02943
1.03331
1.03718
1.04103
1.04487
1.04869
1.0525
1.05629
1.06006
1.06382
1.06757
1.0713
1.07502
1.07872
1.08241
1.08608
1.08974
1.09338
1.09701
1.10062
1.10422
1.10781
1.11138
1.11494
1.11848
1.12201
1.12553
1.12903
1.13252
1.13599
1.13945
1.1429
1.14633
1.14975
1.15316
1.15655
1.15993
1.1633
1.16665
1.16999
1.17331
1.17663
1.17993
1.18321
1.18649
1.18975
1.19299
1.19623
1.19945
1.20266
1.20586
1.20904
1.21221
1.21537
1.21852
1.22165
1.22477
1.22788
1.23098
1.23406
1.23713
1.24019
1.24324
1.24628
1.2493
1.25231
1.25531
1.2583
1.26128
1.26424
1.26719
1.27013
1.27306
1.27598
1.27889
1.28178
1.28467
1.28754
1.2904
1.29325
1.29608
1.29891
1.30173
1.30453
1.30732
1.31011
1.31288
1.31564
1.31839
1.32112
1.32385
1.32657
1.32927
1.33197
1.33465
1.33733
1.33999
1.34264
1.34529
1.34792
1.35054
1.35315
1.35575
1.35834
1.36092
1.36349
1.36605
1.3686
1.37114
1.37367
1.37619
1.3787
1.3812
1.38369
1.38617
1.38864
1.3911
1.39355
1.39599
1.39842
1.40084
1.40325
1.40566
1.40805
1.41043
1.41281
1.41517
1.41753
1.41987
1.42221
1.42454
1.42685
1.42916
1.43146
1.43375
1.43603
1.43831
1.44057
1.44283
1.44507
1.44731
1.44954
1.45175
1.45396
1.45617
1.45836
1.46054
1.46272
1.46489
1.46704
1.46919
1.47134
1.47347
1.47559
1.47771
1.47982
1.48192
1.48401
1.48609
1.48816
1.49023
1.49229
1.49434
1.49638
1.49841
1.50044
1.50246
1.50447
1.50647
1.50846
1.51045
1.51242
1.51439
1.51636
1.51831
1.52026
1.5222
1.52413
1.52605
1.52797
1.52988
1.53178
1.53367
1.53556
1.53744
1.53931
1.54117
1.54303
1.54488
1.54672
1.54855
1.55038
1.5522
1.55401
1.55582
1.55762
1.55941
1.56119
1.56297
1.56474
1.5665
1.56826
1.57001
1.57175
1.57348
1.57521
1.57693
1.57865
1.58036
1.58206
1.58375
1.58544
1.58712
1.58879
1.59046
1.59212
1.59378
1.59543
1.59707
1.5987
1.60033
1.60195
1.60357
1.60518
1.60678
1.60838
1.60997
1.61155
1.61313
1.6147
1.61627
1.61783
1.61938
1.62093
1.62247
1.624
1.62553
1.62705
1.62857
1.63008
1.63158
1.63308
1.63457
1.63606
1.63754
1.63901
1.64048
1.64195
1.6434
1.64486
1.6463
1.64774
1.64918
1.6506
1.65203
1.65345
1.65486
1.65626
1.65766
1.65906
1.66045
1.66183
1.66321
1.66458
1.66595
1.66731
1.66867
1.67002
1.67137
1.67271
1.67405
1.67538
1.6767
1.67802
1.67934
1.68064
1.68195
1.68325
1.68454
1.68583
1.68711
1.68839
1.68967
1.69093
1.6922
1.69346
1.69471
1.69596
1.6972
1.69844
1.69967
1.7009
1.70213
1.70335
1.70456
1.70577
1.70697
1.70817
1.70937
1.71056
1.71175
1.71293
1.7141
1.71527
1.71644
1.7176
1.71876
1.71991
1.72106
1.72221
1.72335
1.72448
1.72561
1.72674
1.72786
1.72898
1.73009
1.7312
1.7323
1.7334
1.7345
1.73559
1.73668
1.73776
1.73884
1.73991
1.74098
1.74204
1.74311
1.74416
1.74521
1.74626
1.74731
1.74835
1.74938
1.75042
1.75144
1.75247
1.75349
1.7545
1.75552
1.75652
1.75753
1.75853
1.75952
1.76051
1.7615
1.76249
1.76347
1.76444
1.76541
1.76638
1.76735
1.76831
1.76927
1.77022
1.77117
1.77211
1.77306
1.77399
1.77493
1.77586
1.77679
1.77771
1.77863
1.77955
1.78046
1.78137
1.78227
1.78318
1.78407
1.78497
1.78586
1.78675
1.78763
1.78851
1.78939
1.79026
1.79113
1.792
1.79286
1.79372
1.79458
1.79543
1.79628
1.79713
1.79797
1.79881
1.79965
1.80048
1.80131
1.80214
1.80296
1.80378
1.80459
1.80541
1.80622
1.80703
1.80783
1.80863
1.80943
1.81022
1.81101
1.8118
1.81259
1.81337
1.81415
1.81492
1.81569
1.81646
1.81723
1.81799
1.81875
1.81951
1.82027
1.82102
1.82177
1.82251
1.82325
1.82399
1.82473
1.82546
1.82619
1.82692
1.82765
1.82837
1.82909
1.82981
1.83052
1.83123
1.83194
1.83264
1.83334
1.83404
1.83474
1.83544
1.83613
1.83681
1.8375
1.83818
1.83886
1.83954
1.84022
1.84089
1.84156
1.84223
1.84289
1.84355
1.84421
1.84487
1.84552
1.84617
1.84682
1.84747
1.84811
1.84875
1.84939
1.85003
1.85066
1.85129
1.85192
1.85255
1.85317
1.85379
1.85441
1.85503
1.85564
1.85625
1.85686
1.85747
1.85807
1.85867
1.85927
1.85987
1.86046
1.86106
1.86165
1.86223
1.86282
1.8634
1.86398
1.86456
1.86514
1.86571
1.86628
1.86685
1.86742
1.86798
1.86855
1.86911
1.86966
1.87022
1.87077
1.87132
1.87187
1.87242
1.87297
1.87351
1.87405
1.87459
1.87512
1.87566
1.87619
1.87672
1.87725
1.87777
1.8783
1.87882
1.87934
1.87986
1.88037
1.88089
1.8814
1.88191
1.88241
1.88292
1.88342
1.88392
1.88442
1.88492
1.88542
1.88591
1.8864
1.88689
1.88738
1.88786
1.88835
1.88883
1.88931
1.88979
1.89026
1.89074
1.89121
1.89168
1.89215
1.89262
1.89308
1.89354
1.894
1.89446
1.89492
1.89538
1.89583
1.89628
1.89673
1.89718
1.89763
1.89807
1.89852
1.89896
1.8994
1.89984
1.90027
1.90071
1.90114
1.90157
1.902
1.90243
1.90286
1.90328
1.9037
1.90412
1.90454
1.90496
1.90538
1.90579
1.9062
1.90662
1.90702
1.90743
1.90784
1.90824
1.90865
1.90905
1.90945
1.90985
1.91024
1.91064
1.91103
1.91142
1.91181
1.9122
1.91259
1.91298
1.91336
1.91374
1.91412
1.9145
1.91488
1.91526
1.91564
1.91601
1.91638
1.91675
1.91712
1.91749
1.91786
1.91822
1.91858
1.91895
1.91931
1.91967
1.92002
1.92038
1.92074
1.92109
1.92144
1.92179
1.92214
1.92249
1.92284
1.92318
1.92353
1.92387
1.92421
1.92455
1.92489
1.92522
1.92556
1.9259
1.92623
1.92656
1.92689
1.92722
1.92755
1.92787
1.9282
1.92852
1.92885
1.92917
1.92949
1.92981
1.93013
1.93044
1.93076
1.93107
1.93138
1.93169
1.93201
1.93231
1.93262
1.93293
1.93323
1.93354
1.93384
1.93414
1.93444
1.93474
1.93504
1.93534
1.93563
1.93593
1.93622
1.93651
1.9368
1.93709
1.93738
1.93767
1.93796
1.93824
1.93853
1.93881
1.93909
1.93937
1.93965
1.93993
1.94021
1.94049
1.94076
1.94104
1.94131
1.94158
1.94185
1.94212
1.94239
1.94266
1.94293
1.94319
1.94346
1.94372
1.94398
1.94424
1.94451
1.94476
1.94502
1.94528
1.94554
1.94579
1.94605
1.9463
1.94655
1.9468
1.94705
1.9473
1.94755
1.9478
1.94805
1.94829
1.94854
1.94878
1.94902
1.94926
1.9495
1.94974
1.94998
1.95022
1.95046
1.95069
1.95093
1.95116
1.9514
1.95163
1.95186
1.95209
1.95232
1.95255
1.95278
1.953
1.95323
1.95345
1.95368
1.9539
1.95412
1.95434
1.95456
1.95478
1.955
1.95522
1.95544
1.95565
1.95587
1.95608
1.9563
1.95651
1.95672
1.95693
1.95714
1.95735
1.95756
1.95777
1.95798
1.95818
1.95839
1.95859
1.9588
1.959
1.9592
1.9594
1.9596
1.9598
1.96
1.9602
1.9604
1.96059
1.96079
1.96099
1.96118
1.96137
1.96157
1.96176
1.96195
1.96214
1.96233
1.96252
1.96271
1.96289
1.96308
1.96327
1.96345
1.96364
1.96382
1.964
1.96419
1.96437
1.96455
1.96473
1.96491
1.96509
1.96526
1.96544
1.96562
1.96579
1.96597
1.96614
1.96632
1.96649
1.96666
1.96684
1.96701
1.96718
1.96735
1.96752
1.96768
1.96785
1.96802
1.96818
1.96835
1.96852
1.96868
1.96884
1.96901
1.96917
1.96933
1.96949
1.96965
1.96981
1.96997
1.97013
1.97029
1.97045
1.9706
1.97076
1.97091
1.97107
1.97122
1.97138
1.97153
1.97168
1.97184
1.97199
1.97214
1.97229
1.97244
1.97259
1.97273
1.97288
1.97303
1.97318
1.97332
1.97347
1.97361
1.97376
1.9739
1.97404
1.97419
1.97433
1.97447
1.97461
1.97475
1.97489
1.97503
1.97517
1.97531
1.97544
1.97558
1.97572
1.97585
1.97599
1.97612
1.97626
1.97639
1.97652
1.97666
1.97679
1.97692
1.97705
1.97718
1.97731
1.97744
1.97757
1.9777
1.97783
1.97796
1.97808
1.97821
1.97834
1.97846
1.97859
1.97871
1.97884
1.97896
1.97908
1.9792
1.97933
1.97945
1.97957
1.97969
1.97981
1.97993
1.98005
1.98017
1.98029
1.9804
1.98052
1.98064
1.98075
1.98087
1.98099
1.9811
1.98122
1.98133
1.98144
1.98156
1.98167
1.98178
1.98189
1.98201
1.98212
1.98223
1.98234
1.98245
1.98256
1.98267
1.98277
1.98288
1.98299
1.9831
1.9832
1.98331
1.98342
1.98352
1.98363
1.98373
1.98383
1.98394
1.98404
1.98414
1.98425
1.98435
1.98445
1.98455
1.98465
1.98475
1.98485
1.98495
1.98505
1.98515
1.98525
1.98535
1.98545
1.98554
1.98564
1.98574
1.98583
1.98593
1.98603
1.98612
1.98622
1.98631
1.9864
1.9865
1.98659
1.98668
1.98678
1.98687
1.98696
1.98705
2.59114
2.3916
2.39448
2.39693
2.39938
2.40182
2.40425
2.40666
2.40907
2.41147
2.41386
2.41624
2.41861
2.42097
2.42333
2.42567
2.428
2.43033
2.43264
2.43495
2.43724
2.43953
2.44181
2.44408
2.44634
2.44859
2.45083
2.45307
2.45529
2.45751
2.45972
2.46192
2.46411
2.46629
2.46846
2.47062
2.47278
2.47493
2.47706
2.47919
2.48132
2.48343
2.48553
2.48763
2.48972
2.4918
2.49387
2.49593
2.49799
2.50004
2.50207
2.50411
2.50613
2.50814
2.51015
2.51215
2.51414
2.51612
2.5181
2.52007
2.52203
2.52398
2.52592
2.52786
2.52979
2.53171
2.53362
2.53553
2.53743
2.53932
2.5412
2.54308
2.54495
2.54681
2.54866
2.55051
2.55235
2.55418
2.556
2.55782
2.55963
2.56143
2.56323
2.56502
2.5668
2.56858
2.57034
2.5721
2.57386
2.5756
2.57734
2.57908
2.5808
2.58252
2.58424
2.58594
2.58764
2.58933
2.59102
2.5927
2.59437
2.59603
2.59769
2.59935
2.60099
2.60263
2.60426
2.60589
2.60751
2.60912
2.61073
2.61233
2.61393
2.61551
2.6171
2.61867
2.62024
2.6218
2.62336
2.62491
2.62646
2.628
2.62953
2.63105
2.63257
2.63409
2.6356
2.6371
2.6386
2.64009
2.64157
2.64305
2.64452
2.64599
2.64745
2.64891
2.65036
2.6518
2.65324
2.65467
2.6561
2.65752
2.65893
2.66034
2.66175
2.66315
2.66454
2.66593
2.66731
2.66869
2.67006
2.67143
2.67279
2.67414
2.67549
2.67684
2.67817
2.67951
2.68084
2.68216
2.68348
2.68479
2.6861
2.6874
2.6887
2.68999
2.69128
2.69256
2.69384
2.69511
2.69637
2.69764
2.69889
2.70014
2.70139
2.70263
2.70387
2.7051
2.70633
2.70755
2.70877
2.70998
2.71119
2.71239
2.71359
2.71479
2.71597
2.71716
2.71834
2.71951
2.72068
2.72185
2.72301
2.72417
2.72532
2.72646
2.72761
2.72874
2.72988
2.73101
2.73213
2.73325
2.73437
2.73548
2.73659
2.73769
2.73879
2.73988
2.74097
2.74206
2.74314
2.74421
2.74529
2.74635
2.74742
2.74848
2.74953
2.75058
2.75163
2.75267
2.75371
2.75475
2.75578
2.75681
2.75783
2.75885
2.75986
2.76087
2.76188
2.76288
2.76388
2.76487
2.76586
2.76685
2.76783
2.76881
2.76979
2.77076
2.77172
2.77269
2.77365
2.7746
2.77556
2.7765
2.77745
2.77839
2.77933
2.78026
2.78119
2.78211
2.78304
2.78396
2.78487
2.78578
2.78669
2.78759
2.78849
2.78939
2.79029
2.79118
2.79206
2.79294
2.79382
2.7947
2.79557
2.79644
2.79731
2.79817
2.79903
2.79988
2.80074
2.80158
2.80243
2.80327
2.80411
2.80494
2.80578
2.80661
2.80743
2.80825
2.80907
2.80989
2.8107
2.81151
2.81231
2.81312
2.81392
2.81471
2.81551
2.8163
2.81708
2.81787
2.81865
2.81943
2.8202
2.82097
2.82174
2.82251
2.82327
2.82403
2.82478
2.82554
2.82629
2.82704
2.82778
2.82852
2.82926
2.83
2.83073
2.83146
2.83219
2.83291
2.83363
2.83435
2.83506
2.83578
2.83649
2.83719
2.8379
2.8386
2.8393
2.83999
2.84069
2.84138
2.84207
2.84275
2.84343
2.84411
2.84479
2.84546
2.84613
2.8468
2.84747
2.84813
2.84879
2.84945
2.85011
2.85076
2.85141
2.85206
2.85271
2.85335
2.85399
2.85463
2.85526
2.85589
2.85652
2.85715
2.85778
2.8584
2.85902
2.85964
2.86025
2.86087
2.86148
2.86209
2.86269
2.86329
2.86389
2.86449
2.86509
2.86568
2.86627
2.86686
2.86745
2.86803
2.86862
2.8692
2.86977
2.87035
2.87092
2.87149
2.87206
2.87263
2.87319
2.87375
2.87431
2.87487
2.87543
2.87598
2.87653
2.87708
2.87762
2.87817
2.87871
2.87925
2.87979
2.88032
2.88086
2.88139
2.88192
2.88245
2.88297
2.88349
2.88401
2.88453
2.88505
2.88556
2.88608
2.88659
2.8871
2.8876
2.88811
2.88861
2.88911
2.88961
2.89011
2.8906
2.89109
2.89159
2.89207
2.89256
2.89305
2.89353
2.89401
2.89449
2.89497
2.89544
2.89592
2.89639
2.89686
2.89733
2.89779
2.89826
2.89872
2.89918
2.89964
2.9001
2.90055
2.901
2.90146
2.90191
2.90235
2.9028
2.90324
2.90369
2.90413
2.90457
2.90501
2.90544
2.90588
2.90631
2.90674
2.90717
2.90759
2.90802
2.90844
2.90887
2.90929
2.90971
2.91012
2.91054
2.91095
2.91136
2.91177
2.91218
2.91259
2.913
2.9134
2.9138
2.9142
2.9146
2.915
2.9154
2.91579
2.91619
2.91658
2.91697
2.91736
2.91774
2.91813
2.91851
2.91889
2.91927
2.91965
2.92003
2.92041
2.92078
2.92116
2.92153
2.9219
2.92227
2.92263
2.923
2.92336
2.92373
2.92409
2.92445
2.92481
2.92517
2.92552
2.92588
2.92623
2.92658
2.92693
2.92728
2.92763
2.92797
2.92832
2.92866
2.92901
2.92935
2.92969
2.93002
2.93036
2.9307
2.93103
2.93136
2.93169
2.93202
2.93235
2.93268
2.93301
2.93333
2.93366
2.93398
2.9343
2.93462
2.93494
2.93525
2.93557
2.93588
2.9362
2.93651
2.93682
2.93713
2.93744
2.93775
2.93805
2.93836
2.93866
2.93897
2.93927
2.93957
2.93987
2.94016
2.94046
2.94076
2.94105
2.94134
2.94163
2.94192
2.94221
2.9425
2.94279
2.94308
2.94336
2.94365
2.94393
2.94421
2.94449
2.94477
2.94505
2.94533
2.9456
2.94588
2.94615
2.94642
2.94669
2.94697
2.94724
2.9475
2.94777
2.94804
2.9483
2.94857
2.94883
2.94909
2.94935
2.94961
2.94987
2.95013
2.95039
2.95065
2.9509
2.95115
2.95141
2.95166
2.95191
2.95216
2.95241
2.95266
2.95291
2.95315
2.9534
2.95364
2.95388
2.95413
2.95437
2.95461
2.95485
2.95509
2.95532
2.95556
2.9558
2.95603
2.95626
2.9565
2.95673
2.95696
2.95719
2.95742
2.95765
2.95788
2.9581
2.95833
2.95855
2.95878
2.959
2.95922
2.95944
2.95966
2.95988
2.9601
2.96032
2.96053
2.96075
2.96097
2.96118
2.96139
2.96161
2.96182
2.96203
2.96224
2.96245
2.96266
2.96286
2.96307
2.96328
2.96348
2.96368
2.96389
2.96409
2.96429
2.96449
2.96469
2.96489
2.96509
2.96529
2.96549
2.96568
2.96588
2.96607
2.96627
2.96646
2.96665
2.96685
2.96704
2.96723
2.96742
2.9676
2.96779
2.96798
2.96817
2.96835
2.96854
2.96872
2.9689
2.96909
2.96927
2.96945
2.96963
2.96981
2.96999
2.97017
2.97035
2.97052
2.9707
2.97088
2.97105
2.97123
2.9714
2.97157
2.97174
2.97192
2.97209
2.97226
2.97243
2.9726
2.97276
2.97293
2.9731
2.97326
2.97343
2.97359
2.97376
2.97392
2.97409
2.97425
2.97441
2.97457
2.97473
2.97489
2.97505
2.97521
2.97537
2.97552
2.97568
2.97584
2.97599
2.97615
2.9763
2.97645
2.97661
2.97676
2.97691
2.97706
2.97721
2.97736
2.97751
2.97766
2.97781
2.97796
2.9781
2.97825
2.97839
2.97854
2.97868
2.97883
2.97897
2.97911
2.97926
2.9794
2.97954
2.97968
2.97982
2.97996
2.9801
2.98024
2.98038
2.98051
2.98065
2.98079
2.98092
2.98106
2.98119
2.98133
2.98146
2.98159
2.98173
2.98186
2.98199
2.98212
2.98225
2.98238
2.98251
2.98264
2.98277
2.98289
2.98302
2.98315
2.98328
2.9834
2.98353
2.98365
2.98378
2.9839
2.98402
2.98415
2.98427
2.98439
2.98451
2.98463
2.98475
2.98487
2.98499
2.98511
2.98523
2.98535
2.98547
2.98558
2.9857
2.98582
2.98593
2.98605
2.98616
2.98628
2.98639
2.98651
2.98662
2.98673
2.98684
2.98696
2.98707
2.98718
2.98729
2.9874
2.98751
2.98762
2.98773
2.98783
2.98794
2.98805
2.98816
2.98826
2.98837
2.98848
2.98858
2.98869
2.98879
2.98889
2.989
2.9891
2.9892
2.98931
2.98941
2.98951
2.98961
2.98971
2.98981
2.98991
2.99001
2.99011
2.99021
2.99031
2.99041
2.9905
2.9906
2.9907
2.99079
2.99089
2.99099
2.99108
2.99118
2.99127
2.99137
2.99146
2.99155
2.99165
2.99174
2.99183
2.99192
2.99202
2.99211
2.9922
2.99229
2.99238
2.99247
2.99256
2.99265
2.99274
2.99282
2.99291
2.993
2.99309
2.99317
2.99326
2.99335
2.99343
2.99352
2.99361
2.99369
2.99377
2.99386
2.99394
2.99403
2.99411
2.99419
2.99428
2.99436
2.99444
2.99452
2.9946
2.99468
2.99477
2.99485
2.99493
2.99501
2.99508
2.99516
2.99524
2.99532
2.9954
2.99548
2.99555
2.99563
2.99571
2.99579
2.99586
2.99594
2.99601
2.99609
2.99616
2.99624
2.99631
2.99639
2.99646
2.99654
2.99661
2.99668
2.99676
2.99683
1.7889
2.18823
2.18274
2.17807
2.17343
2.16881
2.1642
2.15961
2.15504
2.15048
2.14595
2.14143
2.13693
2.13245
2.12799
2.12354
2.11912
2.1147
2.11031
2.10594
2.10158
2.09724
2.09291
2.08861
2.08432
2.08004
2.07579
2.07155
2.06733
2.06312
2.05893
2.05476
2.0506
2.04646
2.04234
2.03823
2.03414
2.03007
2.02601
2.02197
2.01794
2.01393
2.00994
2.00596
2.002
1.99805
1.99412
1.9902
1.9863
1.98242
1.97855
1.97469
1.97086
1.96703
1.96322
1.95943
1.95565
1.95189
1.94814
1.94441
1.94069
1.93698
1.93329
1.92962
1.92596
1.92231
1.91868
1.91506
1.91146
1.90787
1.9043
1.90074
1.89719
1.89366
1.89014
1.88664
1.88315
1.87967
1.87621
1.87276
1.86932
1.8659
1.86249
1.8591
1.85572
1.85235
1.84899
1.84565
1.84232
1.83901
1.83571
1.83242
1.82914
1.82588
1.82263
1.81939
1.81617
1.81296
1.80976
1.80657
1.8034
1.80024
1.79709
1.79396
1.79083
1.78772
1.78462
1.78154
1.77846
1.7754
1.77235
1.76931
1.76629
1.76327
1.76027
1.75728
1.7543
1.75134
1.74838
1.74544
1.74251
1.73959
1.73668
1.73378
1.7309
1.72802
1.72516
1.72231
1.71947
1.71664
1.71383
1.71102
1.70822
1.70544
1.70267
1.6999
1.69715
1.69441
1.69168
1.68897
1.68626
1.68356
1.68087
1.6782
1.67553
1.67288
1.67024
1.6676
1.66498
1.66237
1.65976
1.65717
1.65459
1.65202
1.64946
1.64691
1.64436
1.64183
1.63931
1.6368
1.6343
1.63181
1.62933
1.62685
1.62439
1.62194
1.6195
1.61707
1.61464
1.61223
1.60983
1.60743
1.60505
1.60267
1.6003
1.59795
1.5956
1.59326
1.59093
1.58861
1.5863
1.584
1.58171
1.57943
1.57715
1.57489
1.57263
1.57038
1.56815
1.56592
1.5637
1.56148
1.55928
1.55709
1.5549
1.55272
1.55056
1.5484
1.54624
1.5441
1.54197
1.53984
1.53772
1.53562
1.53351
1.53142
1.52934
1.52726
1.5252
1.52314
1.52108
1.51904
1.51701
1.51498
1.51296
1.51095
1.50895
1.50695
1.50496
1.50299
1.50101
1.49905
1.49709
1.49515
1.49321
1.49127
1.48935
1.48743
1.48552
1.48362
1.48172
1.47984
1.47796
1.47608
1.47422
1.47236
1.47051
1.46867
1.46683
1.465
1.46318
1.46137
1.45956
1.45776
1.45597
1.45419
1.45241
1.45064
1.44887
1.44712
1.44537
1.44362
1.44189
1.44016
1.43843
1.43672
1.43501
1.43331
1.43161
1.42992
1.42824
1.42656
1.42489
1.42323
1.42158
1.41993
1.41829
1.41665
1.41502
1.4134
1.41178
1.41017
1.40856
1.40697
1.40538
1.40379
1.40221
1.40064
1.39907
1.39751
1.39596
1.39441
1.39287
1.39133
1.38981
1.38828
1.38676
1.38525
1.38375
1.38225
1.38076
1.37927
1.37779
1.37631
1.37484
1.37338
1.37192
1.37047
1.36902
1.36758
1.36614
1.36471
1.36329
1.36187
1.36046
1.35905
1.35765
1.35625
1.35486
1.35348
1.3521
1.35072
1.34935
1.34799
1.34663
1.34528
1.34393
1.34259
1.34126
1.33992
1.3386
1.33728
1.33596
1.33465
1.33335
1.33205
1.33075
1.32946
1.32818
1.3269
1.32563
1.32436
1.32309
1.32183
1.32058
1.31933
1.31808
1.31685
1.31561
1.31438
1.31316
1.31194
1.31072
1.30951
1.30831
1.3071
1.30591
1.30472
1.30353
1.30235
1.30117
1.3
1.29883
1.29767
1.29651
1.29536
1.29421
1.29306
1.29192
1.29079
1.28965
1.28853
1.2874
1.28629
1.28517
1.28406
1.28296
1.28186
1.28076
1.27967
1.27858
1.2775
1.27642
1.27535
1.27428
1.27321
1.27215
1.27109
1.27004
1.26899
1.26794
1.2669
1.26587
1.26483
1.26381
1.26278
1.26176
1.26074
1.25973
1.25872
1.25772
1.25672
1.25572
1.25473
1.25374
1.25276
1.25178
1.2508
1.24983
1.24886
1.24789
1.24693
1.24597
1.24502
1.24407
1.24312
1.24218
1.24124
1.2403
1.23937
1.23845
1.23752
1.2366
1.23568
1.23477
1.23386
1.23296
1.23205
1.23115
1.23026
1.22937
1.22848
1.22759
1.22671
1.22584
1.22496
1.22409
1.22322
1.22236
1.2215
1.22064
1.21979
1.21894
1.21809
1.21725
1.21641
1.21557
1.21474
1.21391
1.21308
1.21226
1.21144
1.21062
1.2098
1.20899
1.20819
1.20738
1.20658
1.20578
1.20499
1.2042
1.20341
1.20262
1.20184
1.20106
1.20028
1.19951
1.19874
1.19797
1.19721
1.19645
1.19569
1.19494
1.19419
1.19344
1.19269
1.19195
1.19121
1.19047
1.18974
1.189
1.18828
1.18755
1.18683
1.18611
1.18539
1.18468
1.18397
1.18326
1.18255
1.18185
1.18115
1.18045
1.17976
1.17907
1.17838
1.17769
1.17701
1.17633
1.17565
1.17497
1.1743
1.17363
1.17296
1.1723
1.17163
1.17097
1.17032
1.16966
1.16901
1.16836
1.16772
1.16707
1.16643
1.16579
1.16515
1.16452
1.16389
1.16326
1.16263
1.16201
1.16139
1.16077
1.16015
1.15954
1.15893
1.15832
1.15771
1.15711
1.1565
1.1559
1.15531
1.15471
1.15412
1.15353
1.15294
1.15235
1.15177
1.15119
1.15061
1.15004
1.14946
1.14889
1.14832
1.14775
1.14719
1.14663
1.14606
1.14551
1.14495
1.1444
1.14384
1.14329
1.14275
1.1422
1.14166
1.14112
1.14058
1.14004
1.13951
1.13898
1.13845
1.13792
1.13739
1.13687
1.13634
1.13582
1.13531
1.13479
1.13428
1.13377
1.13326
1.13275
1.13224
1.13174
1.13124
1.13074
1.13024
1.12974
1.12925
1.12876
1.12827
1.12778
1.1273
1.12681
1.12633
1.12585
1.12537
1.12489
1.12442
1.12395
1.12348
1.12301
1.12254
1.12207
1.12161
1.12115
1.12069
1.12023
1.11978
1.11932
1.11887
1.11842
1.11797
1.11752
1.11708
1.11663
1.11619
1.11575
1.11531
1.11488
1.11444
1.11401
1.11358
1.11315
1.11272
1.11229
1.11187
1.11144
1.11102
1.1106
1.11019
1.10977
1.10935
1.10894
1.10853
1.10812
1.10771
1.10731
1.1069
1.1065
1.1061
1.1057
1.1053
1.1049
1.1045
1.10411
1.10372
1.10333
1.10294
1.10255
1.10216
1.10178
1.1014
1.10102
1.10064
1.10026
1.09988
1.0995
1.09913
1.09876
1.09839
1.09802
1.09765
1.09728
1.09692
1.09655
1.09619
1.09583
1.09547
1.09511
1.09476
1.0944
1.09405
1.09369
1.09334
1.09299
1.09264
1.0923
1.09195
1.09161
1.09127
1.09092
1.09058
1.09024
1.08991
1.08957
1.08924
1.0889
1.08857
1.08824
1.08791
1.08758
1.08726
1.08693
1.08661
1.08628
1.08596
1.08564
1.08532
1.085
1.08469
1.08437
1.08406
1.08374
1.08343
1.08312
1.08281
1.08251
1.0822
1.08189
1.08159
1.08129
1.08098
1.08068
1.08038
1.08009
1.07979
1.07949
1.0792
1.0789
1.07861
1.07832
1.07803
1.07774
1.07745
1.07717
1.07688
1.0766
1.07631
1.07603
1.07575
1.07547
1.07519
1.07491
1.07464
1.07436
1.07409
1.07381
1.07354
1.07327
1.073
1.07273
1.07246
1.07219
1.07193
1.07166
1.0714
1.07114
1.07088
1.07061
1.07035
1.0701
1.06984
1.06958
1.06933
1.06907
1.06882
1.06857
1.06831
1.06806
1.06781
1.06757
1.06732
1.06707
1.06683
1.06658
1.06634
1.06609
1.06585
1.06561
1.06537
1.06513
1.06489
1.06466
1.06442
1.06419
1.06395
1.06372
1.06349
1.06326
1.06302
1.0628
1.06257
1.06234
1.06211
1.06189
1.06166
1.06144
1.06121
1.06099
1.06077
1.06055
1.06033
1.06011
1.05989
1.05967
1.05946
1.05924
1.05903
1.05881
1.0586
1.05839
1.05818
1.05797
1.05776
1.05755
1.05734
1.05713
1.05693
1.05672
1.05652
1.05631
1.05611
1.05591
1.05571
1.05551
1.05531
1.05511
1.05491
1.05471
1.05451
1.05432
1.05412
1.05393
1.05374
1.05354
1.05335
1.05316
1.05297
1.05278
1.05259
1.0524
1.05221
1.05203
1.05184
1.05166
1.05147
1.05129
1.0511
1.05092
1.05074
1.05056
1.05038
1.0502
1.05002
1.04984
1.04966
1.04949
1.04931
1.04914
1.04896
1.04879
1.04861
1.04844
1.04827
1.0481
1.04793
1.04776
1.04759
1.04742
1.04725
1.04709
1.04692
1.04675
1.04659
1.04642
1.04626
1.0461
1.04593
1.04577
1.04561
1.04545
1.04529
1.04513
1.04497
1.04481
1.04466
1.0445
1.04434
1.04419
1.04403
1.04388
1.04372
1.04357
1.04342
1.04327
1.04311
1.04296
1.04281
1.04266
1.04252
1.04237
1.04222
1.04207
1.04192
1.04178
1.04163
1.04149
1.04134
1.0412
1.04106
1.04091
1.04077
1.04063
1.04049
1.04035
1.04021
1.04007
1.03993
1.03979
1.03966
1.03952
1.03938
1.03925
1.03911
1.03898
1.03884
1.03871
1.03857
1.03844
1.03831
1.03818
1.03805
1.03792
1.03779
1.03766
1.03753
1.0374
1.03727
1.03714
1.03701
1.03689
1.03676
1.03664
1.03651
1.03639
1.03626
1.03614
1.03602
1.03589
1.03577
1.03565
1.03553
1.03541
1.03529
1.03517
1.03505
1.03493
1.03481
1.03469
1.03457
1.03446
1.03434
1.03423
1.03411
1.03399
1.03388
1.03377
1.03365
1.03354
1.03343
1.03331
1.0332
1.03309
1.03298
1.03287
1.03276
1.03265
1.03254
1.03243
1.03232
1.03221
1.0321
1.032
1.03189
1.03178
1.03168
1.03157
1.03147
1.03136
1.03126
1.03116
1.03105
1.03095
1.03085
1.03074
1.03064
1.03054
1.03044
1.03034
1.03024
1.03014
1.03004
1.02994
1.02984
1.02974
1.02965
1.02955
1.02945
1.02935
1.02926
1.02916
1.02907
1.02897
1.02888
1.02878
1.02869
1.02859
1.0285
1.02841
1.02832
1.02822
1.02813
1.02804
1.02795
1.02786
1.02777
1.02768
1.02759
1.0275
1.02741
1.02732
1.02723
1.02715
1.02706
1.02697
1.02688
1.0268
1.02671
1.02662
1.02654
1.02645
1.02637
1.02629
1.0262
1.02612
1.02603
1.02595
1.02587
1.02578
1.0257
1.02562
1.02554
1.02546
1.02538
1.0253
1.02522
1.02514
1.02506
1.02498
1.0249
1.02482
1.02474
1.02466
1.02459
1.02451
1.02443
1.02435
1.02428
1.0242
1.02413
1.02405
1.02397
1.0239
1.02382
1.02375
1.02368
1.0236
1.02353
1.02346
1.02338
1.02331
1.02324
1.02317
1.02309
1.02302
1.02295
1.02288
1.02281
1.02274
1.02267
1.0226
1.02253
1.02246
1.02239
1.02232
1.02225
1.02219
1.02212
1.02205
1.02198
1.02192
1.02185
1.02178
1.02172
1.02165
1.02158
1.02152
1.02145
1.02139
1.02132
1.02126
1.02119
1.02113
1.02107
1.021
1.02094
1.02088
1.02081
1.02075
1.02069
1.02063
1.02057
1.0205
1.02044
1.02038
1.02032
1.02026
1.0202
1.02014
1.02008
1.02002
1.01996
1.0199
1.01984
1.01978
1.01973
1.01967
1.01961
1.01955
1.01949
1.01944
1.01938
1.01932
1.01927
1.01921
1.01915
1.0191
1.01904
1.01899
1.01893
1.01888
1.01882
1.01877
1.01871
1.01866
1.0186
1.01855
1.0185
1.01844
1.01839
1.01834
1.01829
1.01823
1.01818
1.01813
1.01808
1.01802
1.01797
1.01792
1.01787
1.01782
1.01777
1.01772
1.01767
1.01762
1.01757
1.01752
1.01747
1.01742
1.01737
1.01732
1.01727
1.01723
1.01718
1.01713
1.01708
1.01703
1.01699
1.01694
1.01689
1.01684
1.0168
1.01675
1.0167
1.01666
1.01661
1.01657
1.01652
1.01647
1.01643
1.01638
1.01634
1.01629
1.01625
1.01621
1.01616
1.01612
1.01607
1.01603
1.01599
1.01594
1.0159
1.01586
1.01581
1.01577
1.01573
1.01569
1.01564
1.0156
1.01556
1.01552
1.01548
1.01544
1.01539
1.01535
1.01531
1.01527
1.01523
1.01519
1.01515
1.01511
1.01507
1.01503
1.01499
1.01495
1.01491
1.01487
1.01483
1.0148
1.01476
1.01472
1.01468
1.01464
1.0146
1.01457
1.01453
1.01449
1.01445
1.01442
1.01438
1.01434
1.0143
1.01427
1.01423
1.01419
1.01416
1.01412
1.01409
1.01405
1.01401
1.01398
1.01394
1.01391
1.01387
1.01384
1.0138
1.01377
1.01373
1.0137
1.01366
1.01363
1.0136
1.01356
1.01353
1.0135
1.01346
1.01343
1.0134
1.01336
1.01333
1.0133
1.01326
1.01323
1.0132
1.01317
1.01313
1.0131
1.01307
1.01304
1.01301
1.01297
1.01294
1.01291
1.01288
1.01285
1.01282
1.01279
1.01276
1.01273
1.0127
1.01267
1.01263
1.0126
1.01257
1.01254
1.01252
1.01249
1.01246
1.01243
1.0124
1.01237
1.01234
1.01231
1.01228
1.01225
1.01222
1.0122
1.01217
1.01214
1.01211
1.01208
1.01205
1.01203
1.012
1.01197
1.01194
1.01192
1.01189
1.01186
1.01184
1.01181
1.01178
1.01175
1.01173
1.0117
1.01168
1.01165
1.01162
1.0116
1.01157
1.01154
1.01152
1.01149
1.01147
1.01144
1.01142
1.01139
1.01137
1.01134
1.01132
1.01129
1.01127
1.01124
1.01122
1.01119
1.01117
1.01114
1.01112
1.0111
1.01107
1.01105
1.01102
1.011
1.01098
1.01095
1.01093
1.01091
1.01088
1.01086
1.01084
1.01081
1.01079
1.01077
1.01074
1.01072
1.0107
1.01068
1.01065
1.01063
1.01061
1.01059
1.01057
1.01054
1.01052
1.0105
1.01048
1.01046
1.01044
1.01041
1.01039
1.01037
1.01035
1.01033
1.01031
1.01029
1.01027
1.01025
1.01023
1.0102
1.01018
1.01016
1.01014
1.01012
1.0101
1.01008
1.01006
1.01004
1.01002
1.01
1.00998
1.00996
1.00994
1.00992
1.00991
1.00989
1.00987
1.00985
1.00983
1.00981
1.00979
1.00977
1.00975
1.00973
1.00972
1.0097
1.00968
1.00966
1.00964
1.00962
1.00961
1.00959
1.00957
1.00955
1.00953
1.00952
1.0095
1.00948
1.00946
1.00944
1.00943
1.00941
1.00939
1.00938
1.00936
1.00934
1.00932
1.00931
1.00929
1.00927
1.00926
1.00924
1.00922
1.00921
1.00919
1.00917
1.00916
1.00914
1.00912
1.00911
1.00909
1.00908
1.00906
1.00904
1.00903
1.00901
1.009
1.00898
1.00896
1.00895
1.00893
1.00892
1.0089
1.00889
1.00887
1.00886
1.00884
1.00883
1.00881
1.0088
1.00878
1.00877
1.00875
1.00874
1.00872
1.00871
1.00869
1.00868
1.00866
1.00865
1.00864
1.00862
1.00861
1.00859
1.00858
1.00856
1.00855
1.00854
1.00852
1.00851
1.0085
1.00848
1.00847
1.00845
1.00844
1.00843
1.00841
1.0084
1.00839
1.00837
1.00836
1.00835
1.00833
1.00832
1.00831
1.00829
1.00828
1.00827
1.00826
1.00824
1.00823
1.00822
1.00821
1.00819
1.00818
1.00817
1.00815
1.00814
1.00813
1.00812
1.00811
1.00809
1.00808
1.00807
1.00806
1.00805
1.00803
1.00802
1.00801
1.008
1.00799
1.00797
1.00796
1.00795
1.00794
1.00793
1.00792
1.0079
1.00789
1.00788
1.00787
1.00786
1.00785
1.00784
1.00783
1.00781
1.0078
1.00779
1.00778
1.00777
1.00776
1.00775
1.00774
1.00773
1.00772
1.00771
1.0077
1.00769
1.00767
1.00766
1.00765
1.00764
1.00763
1.00762
1.00761
1.0076
1.00759
1.00758
1.00757
1.00756
1.00755
1.00754
1.00753
1.00752
1.00751
1.0075
1.00749
1.00748
1.00747
1.00746
1.00745
1.00744
1.00743
1.00742
1.00741
1.00741
1.0074
1.00739
1.00738
1.00737
1.00736
1.00735
1.00734
1.00733
1.00732
1.00731
1.0073
1.0073
1.00729
1.00728
1.00727
1.00726
1.00725
1.00724
1.00723
1.00722
1.00722
1.00721
1.0072
1.00719
1.00718
1.00717
1.00716
1.00716
1.00715
1.00714
1.00713
1.00712
1.00711
1.00711
1.0071
1.00709
1.00708
1.00707
1.00706
1.00706
1.00705
1.00704
1.00703
1.00702
1.00702
1.00701
1.007
1.00699
1.00699
1.00698
1.00697
1.00696
1.00695
1.00695
1.00694
1.00693
1.00692
1.00692
1.00691
1.0069
1.00689
1.00689
1.00688
1.00687
1.00686
1.00686
1.00685
1.00684
1.00684
1.00683
1.00682
1.00681
1.00681
1.0068
1.00679
1.00679
1.00678
1.00677
1.00677
1.00676
1.00675
1.00674
1.00674
1.00673
1.00672
1.00672
1.00671
1.0067
1.0067
1.00669
1.00668
1.00668
1.00667
1.00666
1.00666
1.00665
1.00665
1.00664
1.00663
1.00663
1.00662
1.00661
1.00661
1.0066
1.00659
1.00659
1.00658
1.00658
1.00657
1.00656
1.00656
1.00655
1.00655
1.00654
1.00653
1.00653
1.00652
1.00652
1.00651
1.0065
1.0065
1.00649
1.00649
1.00648
1.00647
1.00647
1.00646
1.00646
1.00645
1.00645
1.00644
1.00644
1.00643
1.00642
1.00642
1.00641
1.00641
1.0064
1.0064
1.00639
1.00639
1.00638
1.00637
1.00637
1.00636
1.00636
1.00635
1.00635
1.00634
1.00634
1.00633
1.00633
1.00632
1.00632
1.00631
1.00631
1.0063
1.0063
1.00629
1.00629
1.00628
1.00628
1.00627
1.00627
1.00626
1.00626
1.00625
1.00625
1.00624
1.00624
1.00623
1.00623
1.00622
1.00622
1.00621
1.00621
1.0062
1.0062
1.0062
1.00619
1.00619
1.00618
1.00618
1.00617
1.00617
1.00616
1.00616
1.00615
1.00615
1.00615
1.00614
1.00614
1.00613
1.00613
1.00612
1.00612
1.00611
1.00611
1.00611
1.0061
1.0061
1.00609
1.00609
1.00609
1.00608
1.00608
1.00607
1.00607
1.00606
1.00606
1.00606
1.00605
1.00605
1.00604
1.00604
1.00604
1.00603
1.00603
1.00602
1.00602
1.00602
1.00601
1.00601
1.006
1.006
1.006
1.00599
1.00599
1.00598
1.00598
1.00598
1.00597
1.00597
1.00597
1.00596
1.00596
1.00595
1.00595
1.00595
1.00594
1.00594
1.00594
1.00593
1.00593
1.00593
1.00592
1.00592
1.00592
1.00591
1.00591
1.0059
1.0059
1.0059
1.00589
1.00589
1.00589
1.00588
1.00588
1.00588
1.00587
1.00587
1.00587
1.00586
1.00586
1.00586
1.00585
1.00585
1.00585
1.00584
1.00584
1.00584
1.00583
1.00583
1.00583
1.00582
1.00582
1.00582
1.00582
1.00581
1.00581
1.00581
1.0058
1.0058
1.0058
1.00579
1.00579
1.00579
1.00578
1.00578
1.00578
1.00578
1.00577
1.00577
1.00577
1.00576
1.00576
1.00576
1.00576
1.00575
1.00575
1.00575
1.00574
1.00574
1.00574
1.00574
1.00573
1.00573
1.00573
1.00572
1.00572
1.00572
1.00572
1.00571
1.00571
1.00571
1.0057
1.0057
1.0057
1.0057
1.00569
1.00569
1.00569
1.00569
1.00568
1.00568
1.00568
1.00568
1.00567
1.00567
1.00567
1.00567
1.00566
1.00566
1.00566
1.00566
1.00565
1.00565
1.00565
1.00565
1.00564
1.00564
1.00564
1.00564
1.00563
1.00563
1.00563
1.00563
1.00562
1.00562
1.00562
1.00562
1.00561
1.00561
1.00561
1.00561
1.0056
1.0056
1.0056
1.0056
1.0056
1.00559
1.00559
1.00559
1.00559
1.00558
1.00558
1.00558
1.00558
1.00558
1.00557
1.00557
1.00557
1.00557
1.00557
1.00556
1.00556
1.00556
1.00556
1.00555
1.00555
1.00555
1.00555
1.00555
1.00554
1.00554
1.00554
1.00554
1.00554
1.00553
1.00553
1.00553
1.00553
1.00553
1.00552
1.00552
1.00552
1.00552
1.00552
1.00551
1.00551
1.00551
1.00551
1.00551
1.0055
1.0055
1.0055
1.0055
1.0055
1.00549
1.00549
1.00549
1.00549
1.00549
1.00549
1.00548
1.00548
1.00548
1.00548
1.00548
1.00548
1.00547
1.00547
1.00547
1.00547
1.00547
1.00546
1.00546
1.00546
1.00546
1.00546
1.00546
1.00545
1.00545
1.00545
1.00545
1.00545
1.00545
1.00544
1.00544
1.00544
1.00544
1.00544
1.00544
1.00543
1.00543
1.00543
1.00543
1.00543
1.00543
1.00542
1.00542
1.00542
1.00542
1.00542
1.00542
1.00542
1.00541
1.00541
1.00541
1.00541
1.00541
1.00541
1.0054
1.0054
1.0054
1.0054
1.0054
1.0054
1.0054
1.00539
1.00539
1.00539
1.00539
1.00539
1.00539
1.00539
1.00538
1.00538
1.00538
1.00538
1.00538
1.00538
1.00538
1.00537
1.00537
1.00537
1.00537
1.00537
1.00537
1.00537
1.00536
1.00536
1.00536
1.00536
1.00536
1.00536
1.00536
1.00536
1.00535
1.00535
1.00535
1.00535
1.00535
1.00535
1.00535
1.00535
1.00534
1.00534
1.00534
1.00534
1.00534
1.00534
1.00534
1.00533
1.00533
1.00533
1.00533
1.00533
1.00533
1.00533
1.00533
1.00533
1.00532
1.00532
1.00532
1.00532
1.00532
1.00532
1.00532
1.00532
1.00531
1.00531
1.00531
1.00531
1.00531
1.00531
1.00531
1.00531
1.00531
1.0053
1.0053
1.0053
1.0053
1.0053
1.0053
1.0053
1.0053
1.0053
1.00529
1.00529
1.00529
1.00529
1.00529
1.00529
1.00529
1.00529
1.00529
1.00529
1.00528
1.00528
1.00528
1.00528
1.00528
1.00528
1.00528
1.00528
1.00528
1.00528
1.00527
1.00527
1.00527
1.00527
1.00527
1.00527
1.00527
1.00527
1.00527
1.00527
1.00526
1.00526
1.00526
1.00526
1.00526
1.00526
1.00526
1.00526
1.00526
1.00526
1.00526
1.00525
1.00525
1.00525
1.00525
1.00525
1.00525
1.00525
1.00525
1.00525
1.00525
1.00525
1.00524
1.00524
1.00524
1.00524
1.00524
1.00524
1.00524
1.00524
1.00524
1.00524
1.00524
1.00523
1.00523
1.00523
1.00523
1.00523
1.00523
1.00523
1.00523
1.00523
1.00523
1.00523
1.00523
1.00523
1.00522
1.00522
1.00522
1.00522
1.00522
1.00522
1.00522
1.00522
1.00522
1.00522
1.00522
1.00522
1.00522
1.00521
1.00521
1.00521
1.00521
1.00521
1.00521
1.00521
1.00521
1.00521
1.00521
1.00521
1.00521
1.00521
1.0052
1.0052
1.0052
1.0052
1.0052
1.0052
1.0052
1.0052
1.0052
1.0052
1.0052
1.0052
1.0052
1.0052
1.0052
1.00519
1.00519
1.00519
1.00519
1.00519
1.00519
1.00519
1.00519
1.00519
1.00519
1.00519
1.00519
1.00519
1.00519
1.00519
1.00518
1.00518
1.00518
1.00518
1.00518
1.00518
1.00518
1.00518
1.00518
1.00518
1.00518
1.00518
1.00518
1.00518
1.00518
1.00518
1.00517
1.00517
1.00517
1.00517
1.00517
1.00517
1.00517
1.00517
1.00517
1.00517
1.00517
1.00517
1.00517
1.00517
1.00517
1.00517
1.00517
1.00517
1.00516
1.00516
1.00516
1.00516
1.00516
1.00516
1.00516
1.00516
1.00516
1.00516
1.00516
1.00516
1.00516
1.00516
1.00516
1.00516
1.00516
1.00516
1.00515
1.00515
1.00515
1.00515
1.00515
1.00515
1.00515
1.00515
1.00515
1.00515
1.00515
1.00515
1.00515
1.00515
1.00515
1.00515
1.00515
1.00515
1.00515
1.00515
1.00515
1.00514
1.00514
1.00514
1.00514
1.00514
1.00514
1.00514
1.00514
1.00514
1.00514
1.00514
1.00514
1.00514
1.00514
1.00514
1.00514
1.00514
1.00514
1.00514
1.00514
1.00514
1.00513
1.00513
1.00513
1.00513
1.00513
1.00513
1.00513
1.00513
1.00513
1.00513
1.00513
1.00513
1.00513
1.00513
1.00513
1.00513
1.00513
1.00513
1.00513
1.00513
1.00513
1.00513
1.00513
1.00513
1.00513
1.00512
1.00512
1.00512
1.00512
1.00512
1.00512
1.00512
1.00512
1.00512
1.00512
1.00512
1.00512
1.00512
1.00512
1.00512
1.00512
1.00512
1.00512
1.00512
1.00512
1.00512
1.00512
1.00512
1.00512
1.00512
1.00512
1.00511
1.00511
1.00511
1.00511
1.00511
1.00511
1.00511
1.00511
1.00511
1.00511
1.00511
1.00511
1.00511
1.00511
1.00511
1.00511
1.00511
1.00511
1.00511
1.00511
1.00511
1.00511
1.00511
1.00511
1.00511
1.00511
1.00511
1.00511
1.00511
1.0051
1.0051
1.0051
1.0051
1.0051
1.0051
1.0051
1.0051
1.0051
1.0051
1.0051
1.0051
1.0051
1.0051
1.0051
1.0051
1.0051
1.0051
1.0051
1.0051
1.0051
1.0051
1.0051
1.0051
1.0051
1.0051
1.0051
1.0051
1.0051
1.0051
1.0051
1.0051
1.0051
1.0051
1.00509
1.00509
1.00509
1.00509
1.00509
1.00509
1.00509
1.00509
1.00509
1.00509
1.00509
1.00509
1.00509
1.00509
1.00509
1.00509
1.00509
1.00509
1.00509
1.00509
1.00509
1.00509
1.00509
1.00509
1.00509
1.00509
1.00509
1.00509
1.00509
1.00509
1.00509
1.00509
1.00509
1.00509
1.00509
1.00509
1.00509
