0
0.0120196
0.0199464
0.0278493
0.0357202
0.0435594
0.0513669
0.0591429
0.0668875
0.0746008
0.0822829
0.0899341
0.0975544
0.105144
0.112703
0.120231
0.127729
0.135197
0.142635
0.150042
0.15742
0.164768
0.172087
0.179375
0.186635
0.193865
0.201066
0.208239
0.215382
0.222496
0.229582
0.236639
0.243668
0.250669
0.257641
0.264585
0.271502
0.27839
0.285251
0.292084
0.29889
0.305668
0.312419
0.319143
0.32584
0.332509
0.339152
0.345769
0.352358
0.358922
0.365458
0.371969
0.378453
0.384912
0.391344
0.397751
0.404131
0.410487
0.416816
0.42312
0.429399
0.435653
0.441881
0.448085
0.454263
0.460417
0.466546
0.472651
0.478731
0.484786
0.490818
0.496825
0.502808
0.508767
0.514702
0.520613
0.5265
0.532364
0.538205
0.544022
0.549815
0.555586
0.561333
0.567057
0.572759
0.578437
0.584093
0.589726
0.595336
0.600924
0.60649
0.612033
0.617554
0.623053
0.62853
0.633985
0.639418
0.644829
0.650219
0.655587
0.660934
0.666259
0.671563
0.676845
0.682107
0.687347
0.692567
0.697765
0.702943
0.7081
0.713236
0.718352
0.723448
0.728523
0.733577
0.738612
0.743626
0.74862
0.753595
0.758549
0.763484
0.768399
0.773294
0.778169
0.783026
0.787862
0.79268
0.797478
0.802257
0.807017
0.811758
0.816479
0.821182
0.825867
0.830532
0.835179
0.839807
0.844417
0.849008
0.853581
0.858136
0.862673
0.867191
0.871692
0.876174
0.880639
0.885085
0.889514
0.893926
0.898319
0.902695
0.907054
0.911395
0.915719
0.920026
0.924315
0.928588
0.932843
0.937081
0.941303
0.945507
0.949695
0.953866
0.95802
0.962158
0.96628
0.970385
0.974473
0.978545
0.982601
0.986641
0.990665
0.994672
0.998664
1.00264
1.0066
1.01054
1.01447
1.01838
1.02228
1.02616
1.03003
1.03388
1.03772
1.04154
1.04534
1.04913
1.0529
1.05666
1.06041
1.06414
1.06785
1.07155
1.07524
1.07891
1.08256
1.08621
1.08983
1.09344
1.09704
1.10063
1.1042
1.10775
1.11129
1.11482
1.11833
1.12183
1.12532
1.12879
1.13224
1.13569
1.13912
1.14253
1.14594
1.14932
1.1527
1.15606
1.15941
1.16275
1.16607
1.16938
1.17267
1.17595
1.17922
1.18248
1.18572
1.18895
1.19217
1.19538
1.19857
1.20175
1.20491
1.20807
1.21121
1.21434
1.21746
1.22056
1.22365
1.22673
1.2298
1.23285
1.2359
1.23893
1.24195
1.24495
1.24795
1.25093
1.2539
1.25686
1.25981
1.26275
1.26567
1.26858
1.27148
1.27437
1.27725
1.28012
1.28297
1.28581
1.28865
1.29147
1.29428
1.29708
1.29986
1.30264
1.30541
1.30816
1.3109
1.31364
1.31636
1.31907
1.32177
1.32446
1.32714
1.32981
1.33246
1.33511
1.33775
1.34037
1.34299
1.34559
1.34819
1.35077
1.35335
1.35591
1.35846
1.36101
1.36354
1.36606
1.36858
1.37108
1.37357
1.37606
1.37853
1.381
1.38345
1.38589
1.38833
1.39075
1.39317
1.39557
1.39797
1.40036
1.40273
1.4051
1.40746
1.40981
1.41215
1.41448
1.4168
1.41911
1.42141
1.42371
1.42599
1.42827
1.43053
1.43279
1.43504
1.43728
1.43951
1.44173
1.44394
1.44615
1.44834
1.45053
1.45271
1.45488
1.45704
1.45919
1.46133
1.46347
1.46559
1.46771
1.46982
1.47192
1.47402
1.4761
1.47818
1.48025
1.48231
1.48436
1.4864
1.48844
1.49046
1.49248
1.49449
1.4965
1.49849
1.50048
1.50246
1.50443
1.5064
1.50835
1.5103
1.51224
1.51417
1.5161
1.51802
1.51993
1.52183
1.52372
1.52561
1.52749
1.52936
1.53123
1.53309
1.53494
1.53678
1.53861
1.54044
1.54226
1.54408
1.54588
1.54768
1.54948
1.55126
1.55304
1.55481
1.55657
1.55833
1.56008
1.56182
1.56356
1.56529
1.56701
1.56873
1.57044
1.57214
1.57383
1.57552
1.5772
1.57888
1.58055
1.58221
1.58386
1.58551
1.58716
1.58879
1.59042
1.59204
1.59366
1.59527
1.59687
1.59847
1.60006
1.60165
1.60322
1.6048
1.60636
1.60792
1.60947
1.61102
1.61256
1.6141
1.61563
1.61715
1.61867
1.62018
1.62168
1.62318
1.62467
1.62616
1.62764
1.62912
1.63059
1.63205
1.63351
1.63496
1.6364
1.63784
1.63928
1.64071
1.64213
1.64355
1.64496
1.64637
1.64777
1.64916
1.65055
1.65194
1.65332
1.65469
1.65606
1.65742
1.65878
1.66013
1.66148
1.66282
1.66415
1.66548
1.66681
1.66813
1.66944
1.67075
1.67206
1.67335
1.67465
1.67594
1.67722
1.6785
1.67977
1.68104
1.6823
1.68356
1.68482
1.68607
1.68731
1.68855
1.68978
1.69101
1.69223
1.69345
1.69467
1.69588
1.69708
1.69828
1.69948
1.70067
1.70185
1.70303
1.70421
1.70538
1.70655
1.70771
1.70887
1.71002
1.71117
1.71231
1.71345
1.71459
1.71572
1.71684
1.71797
1.71908
1.72019
1.7213
1.72241
1.72351
1.7246
1.72569
1.72678
1.72786
1.72894
1.73001
1.73108
1.73215
1.73321
1.73426
1.73532
1.73636
1.73741
1.73845
1.73948
1.74052
1.74154
1.74257
1.74359
1.7446
1.74561
1.74662
1.74763
1.74863
1.74962
1.75061
1.7516
1.75258
1.75356
1.75454
1.75551
1.75648
1.75744
1.7584
1.75936
1.76031
1.76126
1.76221
1.76315
1.76409
1.76502
1.76595
1.76688
1.7678
1.76872
1.76964
1.77055
1.77146
1.77237
1.77327
1.77416
1.77506
1.77595
1.77684
1.77772
1.7786
1.77948
1.78035
1.78122
1.78209
1.78295
1.78381
1.78467
1.78552
1.78637
1.78721
1.78806
1.7889
1.78973
1.79057
1.79139
1.79222
1.79304
1.79386
1.79468
1.79549
1.7963
1.79711
1.79791
1.79871
1.79951
1.8003
1.80109
1.80188
1.80267
1.80345
1.80423
1.805
1.80577
1.80654
1.80731
1.80807
1.80883
1.80959
1.81034
1.81109
1.81184
1.81259
1.81333
1.81407
1.81481
1.81554
1.81627
1.817
1.81772
1.81844
1.81916
1.81988
1.82059
1.8213
1.82201
1.82271
1.82342
1.82412
1.82481
1.82551
1.8262
1.82688
1.82757
1.82825
1.82893
1.82961
1.83029
1.83096
1.83163
1.83229
1.83296
1.83362
1.83428
1.83493
1.83559
1.83624
1.83689
1.83753
1.83818
1.83882
1.83946
1.84009
1.84072
1.84136
1.84198
1.84261
1.84323
1.84385
1.84447
1.84509
1.8457
1.84631
1.84692
1.84753
1.84813
1.84873
1.84933
1.84993
1.85052
1.85111
1.8517
1.85229
1.85288
1.85346
1.85404
1.85462
1.85519
1.85577
1.85634
1.85691
1.85747
1.85804
1.8586
1.85916
1.85972
1.86027
1.86082
1.86138
1.86192
1.86247
1.86302
1.86356
1.8641
1.86464
1.86517
1.86571
1.86624
1.86677
1.8673
1.86782
1.86834
1.86887
1.86938
1.8699
1.87042
1.87093
1.87144
1.87195
1.87246
1.87296
1.87347
1.87397
1.87447
1.87496
1.87546
1.87595
1.87644
1.87693
1.87742
1.8779
1.87839
1.87887
1.87935
1.87983
1.8803
1.88078
1.88125
1.88172
1.88219
1.88265
1.88312
1.88358
1.88404
1.8845
1.88496
1.88541
1.88587
1.88632
1.88677
1.88722
1.88766
1.88811
1.88855
1.88899
1.88943
1.88987
1.89031
1.89074
1.89117
1.8916
1.89203
1.89246
1.89289
1.89331
1.89373
1.89415
1.89457
1.89499
1.89541
1.89582
1.89623
1.89664
1.89705
1.89746
1.89787
1.89827
1.89867
1.89908
1.89947
1.89987
1.90027
1.90066
1.90106
1.90145
1.90184
1.90223
1.90261
1.903
1.90338
1.90377
1.90415
1.90453
1.90491
1.90528
1.90566
1.90603
1.9064
1.90677
1.90714
1.90751
1.90788
1.90824
1.9086
1.90897
1.90933
1.90969
1.91004
1.9104
1.91075
1.91111
1.91146
1.91181
1.91216
1.91251
1.91285
1.9132
1.91354
1.91388
1.91423
1.91457
1.9149
1.91524
1.91558
1.91591
1.91624
1.91657
1.91691
1.91723
1.91756
1.91789
1.91821
1.91854
1.91886
1.91918
1.9195
1.91982
1.92014
1.92045
1.92077
1.92108
1.92139
1.92171
1.92202
1.92232
1.92263
1.92294
1.92324
1.92355
1.92385
1.92415
1.92445
1.92475
1.92505
1.92535
1.92564
1.92594
1.92623
1.92652
1.92681
1.9271
1.92739
1.92768
1.92796
1.92825
1.92853
1.92882
1.9291
1.92938
1.92966
1.92994
1.93021
1.93049
1.93077
1.93104
1.93131
1.93159
1.93186
1.93213
1.93239
1.93266
1.93293
1.93319
1.93346
1.93372
1.93398
1.93425
1.93451
1.93477
1.93502
1.93528
1.93554
1.93579
1.93605
1.9363
1.93655
1.9368
1.93705
1.9373
1.93755
1.9378
1.93805
1.93829
1.93853
1.93878
1.93902
1.93926
1.9395
1.93974
1.93998
1.94022
1.94045
1.94069
1.94093
1.94116
1.94139
1.94162
1.94186
1.94209
1.94231
1.94254
1.94277
1.943
1.94322
1.94345
1.94367
1.94389
1.94412
1.94434
1.94456
1.94478
1.945
1.94521
1.94543
1.94565
1.94586
1.94608
1.94629
1.9465
1.94671
1.94693
1.94714
1.94735
1.94755
1.94776
1.94797
1.94817
1.94838
1.94858
1.94879
1.94899
1.94919
1.94939
1.94959
1.94979
1.94999
1.95019
1.95039
1.95058
1.95078
1.95097
1.95117
1.95136
1.95155
1.95175
1.95194
1.95213
1.95232
1.95251
1.95269
1.95288
1.95307
1.95325
1.95344
1.95362
1.95381
1.95399
1.95417
1.95435
1.95453
1.95471
1.95489
1.95507
1.95525
1.95543
1.9556
1.95578
1.95595
1.95613
1.9563
1.95648
1.95665
1.95682
1.95699
1.95716
1.95733
1.9575
1.95767
1.95783
1.958
1.95817
1.95833
1.9585
1.95866
1.95883
1.95899
1.95915
1.95931
1.95947
1.95964
1.95979
1.95995
1.96011
1.96027
1.96043
1.96058
1.96074
1.9609
1.96105
1.96121
1.96136
1.96151
1.96166
1.96182
1.96197
1.96212
1.96227
1.96843
1.97254
1.97664
1.98072
1.98479
1.98884
1.99287
1.99689
2.00089
2.00488
2.00885
2.0128
2.01674
2.02066
2.02456
2.02845
2.03233
2.03619
2.04003
2.04386
2.04767
2.05146
2.05525
2.05901
2.06276
2.0665
2.07022
2.07392
2.07762
2.08129
2.08495
2.0886
2.09223
2.09585
2.09945
2.10304
2.10661
2.11017
2.11372
2.11725
2.12077
2.12427
2.12776
2.13123
2.13469
2.13814
2.14157
2.14499
2.14839
2.15179
2.15516
2.15853
2.16188
2.16522
2.16854
2.17185
2.17515
2.17843
2.1817
2.18496
2.1882
2.19144
2.19465
2.19786
2.20105
2.20423
2.2074
2.21055
2.2137
2.21683
2.21994
2.22305
2.22614
2.22922
2.23228
2.23534
2.23838
2.24141
2.24443
2.24744
2.25043
2.25341
2.25638
2.25934
2.26229
2.26522
2.26814
2.27105
2.27395
2.27684
2.27972
2.28258
2.28544
2.28828
2.29111
2.29393
2.29673
2.29953
2.30232
2.30509
2.30785
2.31061
2.31335
2.31608
2.3188
2.3215
2.3242
2.32689
2.32956
2.33223
2.33488
2.33753
2.34016
2.34278
2.3454
2.348
2.35059
2.35317
2.35574
2.3583
2.36085
2.36339
2.36592
2.36844
2.37095
2.37345
2.37594
2.37842
2.38089
2.38335
2.3858
2.38824
2.39067
2.39309
2.3955
2.3979
2.4003
2.40268
2.40505
2.40742
2.40977
2.41211
2.41445
2.41678
2.41909
2.4214
2.4237
2.42599
2.42827
2.43054
2.4328
2.43505
2.4373
2.43953
2.44176
2.44397
2.44618
2.44838
2.45057
2.45275
2.45493
2.45709
2.45925
2.46139
2.46353
2.46566
2.46778
2.4699
2.472
2.4741
2.47619
2.47827
2.48034
2.4824
2.48445
2.4865
2.48854
2.49057
2.49259
2.49461
2.49661
2.49861
2.5006
2.50258
2.50456
2.50652
2.50848
2.51043
2.51238
2.51431
2.51624
2.51816
2.52007
2.52198
2.52387
2.52576
2.52765
2.52952
2.53139
2.53325
2.5351
2.53694
2.53878
2.54061
2.54243
2.54425
2.54606
2.54786
2.54965
2.55144
2.55322
2.55499
2.55676
2.55852
2.56027
2.56201
2.56375
2.56548
2.56721
2.56892
2.57063
2.57234
2.57403
2.57572
2.57741
2.57908
2.58075
2.58242
2.58407
2.58572
2.58737
2.589
2.59063
2.59226
2.59387
2.59549
2.59709
2.59869
2.60028
2.60187
2.60344
2.60502
2.60658
2.60814
2.6097
2.61125
2.61279
2.61432
2.61585
2.61738
2.6189
2.62041
2.62191
2.62341
2.6249
2.62639
2.62787
2.62935
2.63082
2.63228
2.63374
2.63519
2.63664
2.63808
2.63952
2.64095
2.64237
2.64379
2.6452
2.64661
2.64801
2.6494
2.65079
2.65218
2.65356
2.65493
2.6563
2.65766
2.65902
2.66037
2.66172
2.66306
2.6644
2.66573
2.66705
2.66837
2.66969
2.671
2.6723
2.6736
2.67489
2.67618
2.67747
2.67874
2.68002
2.68129
2.68255
2.68381
2.68506
2.68631
2.68755
2.68879
2.69003
2.69125
2.69248
2.6937
2.69491
2.69612
2.69733
2.69852
2.69972
2.70091
2.7021
2.70328
2.70445
2.70562
2.70679
2.70795
2.70911
2.71026
2.71141
2.71256
2.7137
2.71483
2.71596
2.71709
2.71821
2.71932
2.72044
2.72154
2.72265
2.72375
2.72484
2.72593
2.72702
2.7281
2.72918
2.73025
2.73132
2.73239
2.73345
2.7345
2.73555
2.7366
2.73765
2.73869
2.73972
2.74075
2.74178
2.7428
2.74382
2.74484
2.74585
2.74686
2.74786
2.74886
2.74985
2.75085
2.75183
2.75282
2.7538
2.75477
2.75574
2.75671
2.75767
2.75863
2.75959
2.76054
2.76149
2.76244
2.76338
2.76432
2.76525
2.76618
2.76711
2.76803
2.76895
2.76986
2.77078
2.77168
2.77259
2.77349
2.77439
2.77528
2.77617
2.77706
2.77794
2.77882
2.7797
2.78057
2.78144
2.78231
2.78317
2.78403
2.78488
2.78574
2.78658
2.78743
2.78827
2.78911
2.78995
2.79078
2.79161
2.79243
2.79326
2.79407
2.79489
2.7957
2.79651
2.79732
2.79812
2.79892
2.79972
2.80051
2.8013
2.80209
2.80287
2.80365
2.80443
2.80521
2.80598
2.80675
2.80751
2.80827
2.80903
2.80979
2.81054
2.81129
2.81204
2.81279
2.81353
2.81427
2.815
2.81574
2.81647
2.81719
2.81792
2.81864
2.81936
2.82007
2.82078
2.82149
2.8222
2.82291
2.82361
2.82431
2.825
2.82569
2.82639
2.82707
2.82776
2.82844
2.82912
2.8298
2.83047
2.83114
2.83181
2.83248
2.83314
2.8338
2.83446
2.83512
2.83577
2.83642
2.83707
2.83771
2.83836
2.839
2.83963
2.84027
2.8409
2.84153
2.84216
2.84278
2.84341
2.84403
2.84465
2.84526
2.84587
2.84648
2.84709
2.8477
2.8483
2.8489
2.8495
2.8501
2.85069
2.85128
2.85187
2.85246
2.85304
2.85362
2.8542
2.85478
2.85536
2.85593
2.8565
2.85707
2.85763
2.8582
2.85876
2.85932
2.85988
2.86043
2.86098
2.86153
2.86208
2.86263
2.86317
2.86371
2.86425
2.86479
2.86533
2.86586
2.86639
2.86692
2.86745
2.86797
2.8685
2.86902
2.86954
2.87005
2.87057
2.87108
2.87159
2.8721
2.87261
2.87311
2.87361
2.87411
2.87461
2.87511
2.8756
2.8761
2.87659
2.87707
2.87756
2.87805
2.87853
2.87901
2.87949
2.87997
2.88044
2.88092
2.88139
2.88186
2.88232
2.88279
2.88326
2.88372
2.88418
2.88464
2.88509
2.88555
2.886
2.88645
2.8869
2.88735
2.8878
2.88824
2.88868
2.88912
2.88956
2.89
2.89044
2.89087
2.8913
2.89173
2.89216
2.89259
2.89301
2.89344
2.89386
2.89428
2.8947
2.89512
2.89553
2.89595
2.89636
2.89677
2.89718
2.89758
2.89799
2.89839
2.8988
2.8992
2.8996
2.89999
2.90039
2.90078
2.90118
2.90157
2.90196
2.90235
2.90273
2.90312
2.9035
2.90388
2.90426
2.90464
2.90502
2.9054
2.90577
2.90614
2.90652
2.90689
2.90726
2.90762
2.90799
2.90835
2.90872
2.90908
2.90944
2.9098
2.91015
2.91051
2.91086
2.91122
2.91157
2.91192
2.91227
2.91261
2.91296
2.9133
2.91365
2.91399
2.91433
2.91467
2.91501
2.91534
2.91568
2.91601
2.91635
2.91668
2.91701
2.91734
2.91766
2.91799
2.91831
2.91864
2.91896
2.91928
2.9196
2.91992
2.92024
2.92055
2.92087
2.92118
2.92149
2.9218
2.92211
2.92242
2.92273
2.92303
2.92334
2.92364
2.92394
2.92424
2.92454
2.92484
2.92514
2.92544
2.92573
2.92603
2.92632
2.92661
2.9269
2.92719
2.92748
2.92777
2.92805
2.92834
2.92862
2.9289
2.92919
2.92947
2.92975
2.93002
2.9303
2.93058
2.93085
2.93113
2.9314
2.93167
2.93194
2.93221
2.93248
2.93275
2.93301
2.93328
2.93354
2.9338
2.93407
2.93433
2.93459
2.93485
2.9351
2.93536
2.93562
2.93587
2.93613
2.93638
2.93663
2.93688
2.93713
2.93738
2.93763
2.93788
2.93812
2.93837
2.93861
2.93885
2.9391
2.93934
2.93958
2.93982
2.94005
2.94029
2.94053
2.94076
2.941
2.94123
2.94147
2.9417
2.94193
2.94216
2.94239
2.94262
2.94284
2.94307
2.94329
2.94352
2.94374
2.94396
2.94419
2.94441
2.94463
2.94485
2.94507
2.94528
2.9455
2.94572
2.94593
2.94614
2.94636
2.94657
2.94678
2.94699
2.9472
2.94741
2.94762
2.94783
2.94803
2.94824
2.94844
2.94865
2.94885
2.94905
2.94926
2.94946
2.94966
2.94986
2.95005
2.95025
2.95045
2.95065
2.95084
2.95104
2.95123
2.95142
2.95161
2.95181
2.952
2.95219
2.95238
2.95257
2.95275
2.95294
2.95313
2.95331
2.9535
2.95368
2.95386
2.95405
2.95423
2.95441
2.95459
2.95477
2.95495
2.95513
2.95531
2.95548
2.95566
2.95583
2.95601
2.95618
2.95636
2.95653
2.9567
2.95687
2.95704
2.95721
2.95738
2.95755
2.95772
2.95789
2.95805
2.95822
2.95839
2.95855
2.95871
2.95888
2.95904
2.9592
2.95936
2.95953
2.95969
2.95985
2.96
2.96016
2.96032
2.96048
2.96063
2.96079
2.96095
2.9611
2.96125
2.96141
2.96156
2.96171
2.96186
2.96202
2.96217
2.96232
2.96246
2.96261
2.96276
2.96291
2.96306
2.9632
2.96335
2.96349
2.96364
2.96378
2.96392
2.96407
2.96421
2.96435
2.96449
2.96463
2.96477
2.96491
2.96505
2.96519
2.96533
2.96547
2.9656
2.96574
2.96587
2.96601
2.96614
2.96628
2.96641
2.96654
2.96668
2.96681
2.96694
2.96707
2.9672
2.96733
2.96746
2.96759
2.96772
2.96785
2.96797
2.9681
2.96823
2.96835
2.96848
2.9686
2.96873
2.96885
2.96897
2.9691
2.96922
2.96934
2.96946
2.96958
2.9697
2.96982
2.96994
2.97006
2.95816
2.95035
2.94257
2.93481
2.92709
2.9194
2.91174
2.90411
2.89651
2.88894
2.88141
2.8739
2.86642
2.85898
2.85156
2.84417
2.83682
2.82949
2.82219
2.81492
2.80769
2.80048
2.7933
2.78614
2.77902
2.77193
2.76486
2.75783
2.75082
2.74384
2.73689
2.72996
2.72307
2.7162
2.70936
2.70254
2.69576
2.689
2.68227
2.67556
2.66889
2.66224
2.65561
2.64902
2.64245
2.6359
2.62938
2.62289
2.61643
2.60999
2.60358
2.59719
2.59083
2.58449
2.57818
2.57189
2.56563
2.5594
2.55319
2.547
2.54084
2.53471
2.5286
2.52251
2.51645
2.51041
2.5044
2.49841
2.49244
2.4865
2.48059
2.47469
2.46882
2.46298
2.45715
2.45135
2.44558
2.43982
2.43409
2.42839
2.4227
2.41704
2.4114
2.40579
2.40019
2.39462
2.38907
2.38355
2.37804
2.37256
2.3671
2.36166
2.35625
2.35085
2.34548
2.34013
2.3348
2.32949
2.3242
2.31893
2.31369
2.30846
2.30326
2.29808
2.29291
2.28777
2.28265
2.27755
2.27247
2.26741
2.26237
2.25735
2.25236
2.24738
2.24242
2.23748
2.23256
2.22766
2.22278
2.21792
2.21308
2.20825
2.20345
2.19867
2.1939
2.18916
2.18443
2.17973
2.17504
2.17037
2.16572
2.16108
2.15647
2.15187
2.1473
2.14274
2.1382
2.13368
2.12917
2.12468
2.12022
2.11576
2.11133
2.10692
2.10252
2.09814
2.09378
2.08943
2.0851
2.08079
2.0765
2.07222
2.06796
2.06372
2.0595
2.05529
2.0511
2.04692
2.04276
2.03862
2.0345
2.03039
2.0263
2.02222
2.01816
2.01412
2.01009
2.00608
2.00209
1.99811
1.99414
1.9902
1.98626
1.98235
1.97845
1.97456
1.97069
1.96684
1.963
1.95918
1.95537
1.95158
1.9478
1.94404
1.94029
1.93656
1.93284
1.92913
1.92545
1.92177
1.91811
1.91447
1.91084
1.90722
1.90362
1.90004
1.89646
1.89291
1.88936
1.88583
1.88232
1.87881
1.87533
1.87185
1.86839
1.86495
1.86151
1.8581
1.85469
1.8513
1.84792
1.84456
1.8412
1.83787
1.83454
1.83123
1.82793
1.82465
1.82137
1.81812
1.81487
1.81164
1.80842
1.80521
1.80201
1.79883
1.79566
1.79251
1.78936
1.78623
1.78311
1.78
1.77691
1.77383
1.77076
1.7677
1.76465
1.76162
1.7586
1.75559
1.75259
1.74961
1.74663
1.74367
1.74072
1.73779
1.73486
1.73194
1.72904
1.72615
1.72327
1.7204
1.71754
1.7147
1.71186
1.70904
1.70623
1.70343
1.70064
1.69786
1.69509
1.69233
1.68959
1.68685
1.68413
1.68142
1.67871
1.67602
1.67334
1.67067
1.66801
1.66536
1.66273
1.6601
1.65748
1.65487
1.65228
1.64969
1.64711
1.64455
1.64199
1.63945
1.63691
1.63439
1.63187
1.62937
1.62687
1.62438
1.62191
1.61944
1.61699
1.61454
1.6121
1.60968
1.60726
1.60485
1.60246
1.60007
1.59769
1.59532
1.59296
1.59061
1.58827
1.58593
1.58361
1.5813
1.57899
1.5767
1.57441
1.57214
1.56987
1.56761
1.56536
1.56312
1.56088
1.55866
1.55645
1.55424
1.55204
1.54986
1.54768
1.54551
1.54334
1.54119
1.53905
1.53691
1.53478
1.53266
1.53055
1.52845
1.52635
1.52427
1.52219
1.52012
1.51806
1.516
1.51396
1.51192
1.50989
1.50787
1.50586
1.50385
1.50186
1.49987
1.49789
1.49591
1.49395
1.49199
1.49004
1.4881
1.48617
1.48424
1.48232
1.48041
1.4785
1.47661
1.47472
1.47284
1.47096
1.4691
1.46724
1.46539
1.46354
1.46171
1.45988
1.45805
1.45624
1.45443
1.45263
1.45084
1.44905
1.44727
1.4455
1.44373
1.44198
1.44022
1.43848
1.43674
1.43501
1.43329
1.43157
1.42986
1.42816
1.42646
1.42477
1.42309
1.42141
1.41974
1.41808
1.41642
1.41477
1.41313
1.41149
1.40986
1.40824
1.40662
1.40501
1.40341
1.40181
1.40022
1.39863
1.39705
1.39548
1.39391
1.39235
1.3908
1.38925
1.3877
1.38617
1.38464
1.38312
1.3816
1.38009
1.37858
1.37708
1.37559
1.3741
1.37262
1.37114
1.36967
1.3682
1.36675
1.36529
1.36385
1.3624
1.36097
1.35954
1.35811
1.3567
1.35528
1.35388
1.35247
1.35108
1.34969
1.3483
1.34692
1.34555
1.34418
1.34282
1.34146
1.3401
1.33876
1.33742
1.33608
1.33475
1.33342
1.3321
1.33079
1.32947
1.32817
1.32687
1.32557
1.32429
1.323
1.32172
1.32045
1.31918
1.31791
1.31665
1.3154
1.31415
1.31291
1.31167
1.31043
1.3092
1.30798
1.30676
1.30554
1.30433
1.30313
1.30193
1.30073
1.29954
1.29835
1.29717
1.29599
1.29482
1.29365
1.29249
1.29133
1.29018
1.28903
1.28788
1.28674
1.28561
1.28448
1.28335
1.28223
1.28111
1.28
1.27889
1.27778
1.27668
1.27559
1.2745
1.27341
1.27233
1.27125
1.27017
1.2691
1.26804
1.26697
1.26592
1.26486
1.26382
1.26277
1.26173
1.26069
1.25966
1.25863
1.25761
1.25659
1.25557
1.25456
1.25355
1.25255
1.25155
1.25055
1.24956
1.24857
1.24759
1.2466
1.24563
1.24466
1.24369
1.24272
1.24176
1.2408
1.23985
1.2389
1.23795
1.23701
1.23607
1.23514
1.23421
1.23328
1.23235
1.23143
1.23052
1.2296
1.2287
1.22779
1.22689
1.22599
1.22509
1.2242
1.22331
1.22243
1.22155
1.22067
1.2198
1.21893
1.21806
1.2172
1.21634
1.21548
1.21463
1.21378
1.21293
1.21209
1.21125
1.21041
1.20958
1.20875
1.20792
1.2071
1.20628
1.20546
1.20465
1.20384
1.20303
1.20222
1.20142
1.20063
1.19983
1.19904
1.19825
1.19747
1.19669
1.19591
1.19513
1.19436
1.19359
1.19282
1.19206
1.1913
1.19054
1.18979
1.18903
1.18829
1.18754
1.1868
1.18606
1.18532
1.18459
1.18386
1.18313
1.1824
1.18168
1.18096
1.18024
1.17953
1.17882
1.17811
1.17741
1.1767
1.176
1.17531
1.17461
1.17392
1.17323
1.17255
1.17186
1.17118
1.1705
1.16983
1.16916
1.16849
1.16782
1.16716
1.16649
1.16583
1.16518
1.16452
1.16387
1.16322
1.16258
1.16193
1.16129
1.16065
1.16002
1.15938
1.15875
1.15812
1.1575
1.15687
1.15625
1.15563
1.15502
1.1544
1.15379
1.15318
1.15258
1.15197
1.15137
1.15077
1.15017
1.14958
1.14899
1.1484
1.14781
1.14722
1.14664
1.14606
1.14548
1.14491
1.14433
1.14376
1.14319
1.14263
1.14206
1.1415
1.14094
1.14038
1.13982
1.13927
1.13872
1.13817
1.13762
1.13708
1.13653
1.13599
1.13546
1.13492
1.13439
1.13385
1.13332
1.1328
1.13227
1.13175
1.13122
1.1307
1.13019
1.12967
1.12916
1.12865
1.12814
1.12763
1.12712
1.12662
1.12612
1.12562
1.12512
1.12463
1.12413
1.12364
1.12315
1.12267
1.12218
1.1217
1.12121
1.12073
1.12026
1.11978
1.11931
1.11883
1.11836
1.11789
1.11743
1.11696
1.1165
1.11604
1.11558
1.11512
1.11466
1.11421
1.11376
1.11331
1.11286
1.11241
1.11197
1.11152
1.11108
1.11064
1.1102
1.10977
1.10933
1.1089
1.10847
1.10804
1.10761
1.10719
1.10676
1.10634
1.10592
1.1055
1.10508
1.10466
1.10425
1.10384
1.10343
1.10302
1.10261
1.1022
1.1018
1.1014
1.10099
1.10059
1.1002
1.0998
1.0994
1.09901
1.09862
1.09823
1.09784
1.09745
1.09706
1.09668
1.0963
1.09592
1.09554
1.09516
1.09478
1.09441
1.09403
1.09366
1.09329
1.09292
1.09255
1.09219
1.09182
1.09146
1.09109
1.09073
1.09037
1.09002
1.08966
1.08931
1.08895
1.0886
1.08825
1.0879
1.08755
1.08721
1.08686
1.08652
1.08617
1.08583
1.08549
1.08515
1.08482
1.08448
1.08415
1.08381
1.08348
1.08315
1.08282
1.08249
1.08217
1.08184
1.08152
1.08119
1.08087
1.08055
1.08023
1.07992
1.0796
1.07928
1.07897
1.07866
1.07835
1.07804
1.07773
1.07742
1.07711
1.07681
1.0765
1.0762
1.0759
1.0756
1.0753
1.075
1.0747
1.07441
1.07411
1.07382
1.07353
1.07324
1.07295
1.07266
1.07237
1.07208
1.0718
1.07151
1.07123
1.07095
1.07067
1.07039
1.07011
1.06983
1.06956
1.06928
1.06901
1.06873
1.06846
1.06819
1.06792
1.06765
1.06738
1.06712
1.06685
1.06659
1.06632
1.06606
1.0658
1.06554
1.06528
1.06502
1.06476
1.06451
1.06425
1.064
1.06374
1.06349
1.06324
1.06299
1.06274
1.06249
1.06224
1.062
1.06175
1.06151
1.06126
1.06102
1.06078
1.06054
1.0603
1.06006
1.05982
1.05959
1.05935
1.05911
1.05888
1.05865
1.05842
1.05818
1.05795
1.05772
1.0575
1.05727
1.05704
1.05682
1.05659
1.05637
1.05614
1.05592
1.0557
1.05548
1.05526
1.05504
1.05482
1.05461
1.05439
1.05417
1.05396
1.05375
1.05353
1.05332
1.05311
1.0529
1.05269
1.05248
1.05227
1.05207
1.05186
1.05166
1.05145
1.05125
1.05104
1.05084
1.05064
1.05044
1.05024
1.05004
1.04984
1.04965
1.04945
1.04925
1.04906
1.04887
1.04867
1.04848
1.04829
1.0481
1.04791
1.04772
1.04753
1.04734
1.04715
1.04696
1.04678
1.04659
1.04641
1.04623
1.04604
1.04586
1.04568
1.0455
1.04532
1.04514
1.04496
1.04478
1.0446
1.04443
1.04425
1.04408
1.0439
1.04373
1.04356
1.04338
1.04321
1.04304
1.04287
1.0427
1.04253
1.04236
1.04219
1.04203
1.04186
1.0417
1.04153
1.04137
1.0412
1.04104
1.04088
1.04071
1.04055
1.04039
1.04023
1.04007
1.03991
1.03976
1.0396
1.03944
1.03929
1.03913
1.03898
1.03882
1.03867
1.03851
1.03836
1.03821
1.03806
1.03791
1.03776
1.03761
1.03746
1.03731
1.03716
1.03702
1.03687
1.03672
1.03658
1.03643
1.03629
1.03615
1.036
1.03586
1.03572
1.03558
1.03544
1.0353
1.03516
1.03502
1.03488
1.03474
1.0346
1.03447
1.03433
1.03419
1.03406
1.03392
1.03379
1.03366
1.03352
1.03339
1.03326
1.03313
1.03299
1.03286
1.03273
1.0326
1.03247
1.03235
1.03222
1.03209
1.03196
1.03184
1.03171
1.03159
1.03146
1.03134
1.03121
1.03109
1.03097
1.03084
1.03072
1.0306
1.03048
1.03036
1.03024
1.03012
1.03
1.02988
1.02976
1.02964
1.02953
1.02941
1.02929
1.02918
1.02906
1.02895
1.02883
1.02872
1.0286
1.02849
1.02838
1.02827
1.02815
1.02804
1.02793
1.02782
1.02771
1.0276
1.02749
1.02738
1.02727
1.02717
1.02706
1.02695
1.02684
1.02674
1.02663
1.02653
1.02642
1.02632
1.02621
1.02611
1.02601
1.0259
1.0258
1.0257
1.0256
1.0255
1.02539
1.02529
1.02519
1.02509
1.02499
1.0249
1.0248
1.0247
1.0246
1.0245
1.02441
1.02431
1.02421
1.02412
1.02402
1.02393
1.02383
1.02374
1.02364
1.02355
1.02346
1.02336
1.02327
1.02318
1.02309
1.023
1.02291
1.02281
1.02272
1.02263
1.02254
1.02246
1.02237
1.02228
1.02219
1.0221
1.02201
1.02193
1.02184
1.02175
1.02167
1.02158
1.0215
1.02141
1.02133
1.02124
1.02116
1.02107
1.02099
1.02091
1.02083
1.02074
1.02066
1.02058
1.0205
1.02042
1.02034
1.02025
1.02017
1.02009
1.02002
1.01994
1.01986
1.01978
1.0197
1.01962
1.01954
1.01947
1.01939
1.01931
1.01924
1.01916
1.01908
1.01901
1.01893
1.01886
1.01878
1.01871
1.01864
1.01856
1.01849
1.01842
1.01834
1.01827
1.0182
1.01813
1.01805
1.01798
1.01791
1.01784
1.01777
1.0177
1.01763
1.01756
1.01749
1.01742
1.01735
1.01728
1.01721
1.01715
1.01708
1.01701
1.01694
1.01688
1.01681
1.01674
1.01668
1.01661
1.01654
1.01648
1.01641
1.01635
1.01628
1.01622
1.01616
1.01609
1.01603
1.01596
1.0159
1.01584
1.01578
1.01571
1.01565
1.01559
1.01553
1.01547
1.0154
1.01534
1.01528
1.01522
1.01516
1.0151
1.01504
1.01498
1.01492
1.01486
1.01481
1.01475
1.01469
1.01463
1.01457
1.01451
1.01446
1.0144
1.01434
1.01429
1.01423
1.01417
1.01412
1.01406
1.01401
1.01395
1.01389
1.01384
1.01378
1.01373
1.01368
1.01362
1.01357
1.01351
1.01346
1.01341
1.01335
1.0133
1.01325
1.0132
1.01314
1.01309
1.01304
1.01299
1.01294
1.01289
1.01283
1.01278
1.01273
1.01268
1.01263
1.01258
1.01253
1.01248
1.01243
1.01238
1.01234
1.01229
1.01224
1.01219
1.01214
1.01209
1.01205
1.012
1.01195
1.0119
1.01186
1.01181
1.01176
1.01172
1.01167
1.01162
1.01158
1.01153
1.01149
1.01144
1.0114
1.01135
1.01131
1.01126
1.01122
1.01117
1.01113
1.01108
1.01104
1.011
1.01095
1.01091
1.01087
1.01082
1.01078
1.01074
1.01069
1.01065
1.01061
1.01057
1.01053
1.01048
1.01044
1.0104
1.01036
1.01032
1.01028
1.01024
1.0102
1.01016
1.01012
1.01008
1.01004
1.01
1.00996
1.00992
1.00988
1.00984
1.0098
1.00976
1.00972
1.00968
1.00965
1.00961
1.00957
1.00953
1.00949
1.00946
1.00942
1.00938
1.00935
1.00931
1.00927
1.00923
1.0092
1.00916
1.00913
1.00909
1.00905
1.00902
1.00898
1.00895
1.00891
1.00888
1.00884
1.00881
1.00877
1.00874
1.0087
1.00867
1.00863
1.0086
1.00856
1.00853
1.0085
1.00846
1.00843
1.0084
1.00836
1.00833
1.0083
1.00826
1.00823
1.0082
1.00817
1.00813
1.0081
1.00807
1.00804
1.00801
1.00797
1.00794
1.00791
1.00788
1.00785
1.00782
1.00779
1.00776
1.00772
1.00769
1.00766
1.00763
1.0076
1.00757
1.00754
1.00751
1.00748
1.00745
1.00742
1.0074
1.00737
1.00734
1.00731
1.00728
1.00725
1.00722
1.00719
1.00716
1.00714
1.00711
1.00708
1.00705
1.00702
1.007
1.00697
1.00694
1.00691
1.00689
1.00686
1.00683
1.0068
1.00678
1.00675
1.00672
1.0067
1.00667
1.00664
1.00662
1.00659
1.00657
1.00654
1.00651
1.00649
1.00646
1.00644
1.00641
1.00639
1.00636
1.00634
1.00631
1.00628
1.00626
1.00624
1.00621
1.00619
1.00616
1.00614
1.00611
1.00609
1.00606
1.00604
1.00602
1.00599
1.00597
1.00595
1.00592
1.0059
1.00588
1.00585
1.00583
1.00581
1.00578
1.00576
1.00574
1.00571
1.00569
1.00567
1.00565
1.00562
1.0056
1.00558
1.00556
1.00554
1.00551
1.00549
1.00547
1.00545
1.00543
1.00541
1.00538
1.00536
1.00534
1.00532
1.0053
1.00528
1.00526
1.00524
1.00522
1.0052
1.00517
1.00515
1.00513
1.00511
1.00509
1.00507
1.00505
1.00503
1.00501
1.00499
1.00497
1.00495
1.00493
1.00491
1.0049
1.00488
1.00486
1.00484
1.00482
1.0048
1.00478
1.00476
1.00474
1.00472
1.00471
1.00469
1.00467
1.00465
1.00463
1.00461
1.00459
1.00458
1.00456
1.00454
1.00452
1.0045
1.00449
1.00447
1.00445
1.00443
1.00442
1.0044
1.00438
1.00436
1.00435
1.00433
1.00431
1.00429
1.00428
1.00426
1.00424
1.00423
1.00421
1.00419
1.00418
1.00416
1.00414
1.00413
1.00411
1.0041
1.00408
1.00406
1.00405
1.00403
1.00401
1.004
1.00398
1.00397
1.00395
1.00394
1.00392
1.00391
1.00389
1.00387
1.00386
1.00384
1.00383
1.00381
1.0038
1.00378
1.00377
1.00375
1.00374
1.00372
1.00371
1.00369
1.00368
1.00366
1.00365
1.00364
1.00362
1.00361
1.00359
1.00358
1.00356
1.00355
1.00354
1.00352
1.00351
1.00349
1.00348
1.00347
1.00345
1.00344
1.00343
1.00341
1.0034
1.00339
1.00337
1.00336
1.00335
1.00333
1.00332
1.00331
1.00329
1.00328
1.00327
1.00325
1.00324
1.00323
1.00322
1.0032
1.00319
1.00318
1.00316
1.00315
1.00314
1.00313
1.00311
1.0031
1.00309
1.00308
1.00307
1.00305
1.00304
1.00303
1.00302
1.00301
1.00299
1.00298
1.00297
1.00296
1.00295
1.00293
1.00292
1.00291
1.0029
1.00289
1.00288
1.00287
1.00285
1.00284
1.00283
1.00282
1.00281
1.0028
1.00279
1.00278
1.00277
1.00275
1.00274
1.00273
1.00272
1.00271
1.0027
1.00269
1.00268
1.00267
1.00266
1.00265
1.00264
1.00263
1.00262
1.00261
1.0026
1.00259
1.00257
1.00256
1.00255
1.00254
1.00253
1.00252
1.00251
1.0025
1.00249
1.00248
1.00247
1.00246
1.00245
1.00245
1.00244
1.00243
1.00242
1.00241
1.0024
1.00239
1.00238
1.00237
1.00236
1.00235
1.00234
1.00233
1.00232
1.00231
1.0023
1.00229
1.00229
1.00228
1.00227
1.00226
1.00225
1.00224
1.00223
1.00222
1.00221
1.00221
1.0022
1.00219
1.00218
1.00217
1.00216
1.00215
1.00215
1.00214
1.00213
1.00212
1.00211
1.0021
1.00209
1.00209
1.00208
1.00207
1.00206
1.00205
1.00205
1.00204
1.00203
1.00202
1.00201
1.00201
1.002
1.00199
1.00198
1.00197
1.00197
1.00196
1.00195
1.00194
1.00193
1.00193
1.00192
1.00191
1.0019
1.0019
1.00189
1.00188
1.00187
1.00187
1.00186
1.00185
1.00185
1.00184
1.00183
1.00182
1.00182
1.00181
1.0018
1.00179
1.00179
1.00178
1.00177
1.00177
1.00176
1.00175
1.00175
1.00174
1.00173
1.00172
1.00172
1.00171
1.0017
1.0017
1.00169
1.00168
1.00168
1.00167
1.00166
1.00166
1.00165
1.00164
1.00164
1.00163
1.00163
1.00162
1.00161
1.00161
1.0016
1.00159
1.00159
1.00158
1.00157
1.00157
1.00156
1.00156
1.00155
1.00154
1.00154
1.00153
1.00153
1.00152
1.00151
1.00151
1.0015
1.0015
1.00149
1.00148
1.00148
1.00147
1.00147
1.00146
1.00145
1.00145
1.00144
1.00144
1.00143
1.00143
1.00142
1.00141
1.00141
1.0014
1.0014
1.00139
1.00139
1.00138
1.00138
1.00137
1.00136
1.00136
1.00135
1.00135
1.00134
1.00134
1.00133
1.00133
1.00132
1.00132
1.00131
1.00131
1.0013
1.0013
1.00129
1.00129
1.00128
1.00128
1.00127
1.00127
1.00126
1.00126
1.00125
1.00125
1.00124
1.00124
1.00123
1.00123
1.00122
1.00122
1.00121
1.00121
1.0012
1.0012
1.00119
1.00119
1.00118
1.00118
1.00117
1.00117
1.00116
1.00116
1.00116
1.00115
1.00115
1.00114
1.00114
1.00113
1.00113
1.00112
1.00112
1.00111
1.00111
1.00111
1.0011
1.0011
1.00109
1.00109
1.00108
1.00108
1.00108
1.00107
1.00107
1.00106
1.00106
1.00105
1.00105
1.00105
1.00104
1.00104
1.00103
1.00103
1.00103
1.00102
1.00102
1.00101
1.00101
1.00101
1.001
1.001
1.00099
1.00099
1.00099
1.00098
1.00098
1.00097
1.00097
1.00097
1.00096
1.00096
1.00096
1.00095
1.00095
1.00094
1.00094
1.00094
1.00093
1.00093
1.00093
1.00092
1.00092
1.00091
1.00091
1.00091
1.0009
1.0009
1.0009
1.00089
1.00089
1.00089
1.00088
1.00088
1.00088
1.00087
1.00087
1.00087
1.00086
1.00086
1.00085
1.00085
1.00085
1.00084
1.00084
1.00084
1.00083
1.00083
1.00083
1.00082
1.00082
1.00082
1.00082
1.00081
1.00081
1.00081
1.0008
1.0008
1.0008
1.00079
1.00079
1.00079
1.00078
1.00078
1.00078
1.00077
1.00077
1.00077
1.00076
1.00076
1.00076
1.00076
1.00075
1.00075
1.00075
1.00074
1.00074
1.00074
1.00074
1.00073
1.00073
1.00073
1.00072
1.00072
1.00072
1.00072
1.00071
1.00071
1.00071
1.0007
1.0007
1.0007
1.0007
1.00069
1.00069
1.00069
1.00068
1.00068
1.00068
1.00068
1.00067
1.00067
1.00067
1.00067
1.00066
1.00066
1.00066
1.00066
1.00065
1.00065
1.00065
1.00064
1.00064
1.00064
1.00064
1.00063
1.00063
1.00063
1.00063
1.00062
1.00062
1.00062
1.00062
1.00061
1.00061
1.00061
1.00061
1.00061
1.0006
1.0006
1.0006
1.0006
1.00059
1.00059
1.00059
1.00059
1.00058
1.00058
1.00058
1.00058
1.00057
1.00057
1.00057
1.00057
1.00057
1.00056
1.00056
1.00056
1.00056
1.00055
1.00055
1.00055
1.00055
1.00055
1.00054
1.00054
1.00054
1.00054
1.00054
1.00053
1.00053
1.00053
1.00053
1.00052
1.00052
1.00052
1.00052
1.00052
1.00051
1.00051
1.00051
1.00051
1.00051
1.0005
1.0005
1.0005
1.0005
1.0005
1.00049
1.00049
1.00049
1.00049
1.00049
1.00048
1.00048
1.00048
1.00048
1.00048
1.00048
1.00047
1.00047
1.00047
1.00047
1.00047
1.00046
1.00046
1.00046
1.00046
1.00046
1.00046
1.00045
1.00045
1.00045
1.00045
1.00045
1.00044
1.00044
1.00044
1.00044
1.00044
1.00044
1.00043
1.00043
1.00043
1.00043
1.00043
1.00043
1.00042
1.00042
1.00042
1.00042
1.00042
1.00042
1.00041
1.00041
1.00041
1.00041
1.00041
1.00041
1.0004
1.0004
1.0004
1.0004
1.0004
1.0004
1.00039
1.00039
1.00039
1.00039
1.00039
1.00039
1.00039
1.00038
1.00038
1.00038
1.00038
1.00038
1.00038
1.00037
1.00037
1.00037
1.00037
1.00037
1.00037
1.00037
1.00036
1.00036
1.00036
1.00036
1.00036
1.00036
1.00036
1.00035
1.00035
1.00035
1.00035
1.00035
1.00035
1.00035
1.00034
1.00034
1.00034
1.00034
1.00034
1.00034
1.00034
1.00034
1.00033
1.00033
1.00033
1.00033
1.00033
1.00033
1.00033
1.00032
1.00032
1.00032
1.00032
1.00032
1.00032
1.00032
1.00032
1.00031
1.00031
1.00031
1.00031
1.00031
1.00031
1.00031
1.00031
1.0003
1.0003
1.0003
1.0003
1.0003
1.0003
1.0003
1.0003
1.0003
1.00029
1.00029
1.00029
1.00029
1.00029
1.00029
1.00029
1.00029
1.00028
1.00028
1.00028
1.00028
1.00028
1.00028
1.00028
1.00028
1.00028
1.00028
1.00027
1.00027
1.00027
1.00027
1.00027
1.00027
1.00027
1.00027
1.00027
1.00026
1.00026
1.00026
1.00026
1.00026
1.00026
1.00026
1.00026
1.00026
1.00025
1.00025
1.00025
1.00025
1.00025
1.00025
1.00025
1.00025
1.00025
1.00025
1.00025
1.00024
1.00024
1.00024
1.00024
1.00024
1.00024
1.00024
1.00024
1.00024
1.00024
1.00023
1.00023
1.00023
1.00023
1.00023
1.00023
1.00023
1.00023
1.00023
1.00023
1.00023
1.00022
1.00022
1.00022
1.00022
1.00022
1.00022
1.00022
1.00022
1.00022
1.00022
1.00022
1.00022
1.00021
1.00021
1.00021
1.00021
1.00021
1.00021
1.00021
1.00021
1.00021
1.00021
1.00021
1.00021
1.0002
1.0002
1.0002
1.0002
1.0002
1.0002
1.0002
1.0002
1.0002
1.0002
1.0002
1.0002
1.00019
1.00019
1.00019
1.00019
1.00019
1.00019
1.00019
1.00019
1.00019
1.00019
1.00019
1.00019
1.00019
1.00019
1.00018
1.00018
1.00018
1.00018
1.00018
1.00018
1.00018
1.00018
1.00018
1.00018
1.00018
1.00018
1.00018
1.00018
1.00017
1.00017
1.00017
1.00017
1.00017
1.00017
1.00017
1.00017
1.00017
1.00017
1.00017
1.00017
1.00017
1.00017
1.00016
1.00016
1.00016
1.00016
1.00016
1.00016
1.00016
1.00016
1.00016
1.00016
1.00016
1.00016
1.00016
1.00016
1.00016
1.00016
1.00016
1.00015
1.00015
1.00015
1.00015
1.00015
1.00015
1.00015
1.00015
1.00015
1.00015
1.00015
1.00015
1.00015
1.00015
1.00015
1.00015
1.00014
1.00014
1.00014
1.00014
1.00014
1.00014
1.00014
1.00014
1.00014
1.00014
1.00014
1.00014
1.00014
1.00014
1.00014
1.00014
1.00014
1.00013
1.00013
1.00013
1.00013
1.00013
1.00013
1.00013
1.00013
1.00013
1.00013
1.00013
1.00013
1.00013
1.00013
1.00013
1.00013
1.00013
1.00013
1.00013
1.00013
1.00013
1.00012
1.00012
1.00012
1.00012
1.00012
1.00012
1.00012
1.00012
1.00012
1.00012
1.00012
1.00012
1.00012
1.00012
1.00012
1.00012
1.00012
1.00012
1.00012
1.00012
1.00012
1.00011
1.00011
1.00011
1.00011
1.00011
1.00011
1.00011
1.00011
1.00011
1.00011
1.00011
1.00011
1.00011
1.00011
1.00011
1.00011
1.00011
1.00011
1.00011
1.00011
1.00011
1.0001
1.0001
1.0001
1.0001
1.0001
1.0001
1.0001
1.0001
1.0001
1.0001
1.0001
1.0001
1.0001
1.0001
1.0001
